surf file from Luca Mazzotta

1260 points
1260 lines

Points

1 2e-06 0
2 1.80396571934088e-06 9.63054665560614e-09
3 1.60981935596774e-06 3.84294391935394e-08
4 1.41943064549107e-06 8.61193285355824e-08
5 1.23463313526982e-06 1.52240934977427e-07
6 1.057206526348e-06 2.3615747130329e-07
7 8.88859533960796e-07 3.3706077539491e-07
8 7.31213431672708e-07 4.53979093274527e-07
9 5.85786437626905e-07 5.85786437626905e-07
10 4.53979093274526e-07 7.31213431672709e-07
11 3.37060775394909e-07 8.88859533960796e-07
12 2.3615747130329e-07 1.057206526348e-06
13 1.52240934977426e-07 1.23463313526982e-06
14 8.61193285355821e-08 1.41943064549108e-06
15 3.84294391935391e-08 1.60981935596774e-06
16 9.63054665560614e-09 1.80396571934088e-06
17 0 2e-06
18 0 0.000102321070234114
19 0 0.000202642140468227
20 0 0.000302963210702341
21 0 0.000403284280936455
22 0 0.000503605351170569
23 0 0.000603926421404682
24 0 0.000704247491638796
25 0 0.00080456856187291
26 0 0.000904889632107024
27 0 0.00100521070234114
28 0 0.00110553177257525
29 0 0.00120585284280936
30 0 0.00130617391304348
31 0 0.00140649498327759
32 0 0.00150681605351171
33 0 0.00160713712374582
34 0 0.00170745819397993
35 0 0.00180777926421405
36 0 0.00190810033444816
37 0 0.00200842140468227
38 0 0.00210874247491639
39 0 0.0022090635451505
40 0 0.00230938461538462
41 0 0.00240970568561873
42 0 0.00251002675585284
43 0 0.00261034782608696
44 0 0.00271066889632107
45 0 0.00281098996655518
46 0 0.0029113110367893
47 0 0.00301163210702341
48 0 0.00311195317725752
49 0 0.00321227424749164
50 0 0.00331259531772575
51 0 0.00341291638795987
52 0 0.00351323745819398
53 0 0.00361355852842809
54 0 0.00371387959866221
55 0 0.00381420066889632
56 0 0.00391452173913044
57 0 0.00401484280936455
58 0 0.00411516387959866
59 0 0.00421548494983278
60 0 0.00431580602006689
61 0 0.004416127090301
62 0 0.00451644816053512
63 0 0.00461676923076923
64 0 0.00471709030100334
65 0 0.00481741137123746
66 0 0.00491773244147157
67 0 0.00501805351170569
68 0 0.0051183745819398
69 0 0.00521869565217391
70 0 0.00531901672240803
71 0 0.00541933779264214
72 0 0.00551965886287625
73 0 0.00561997993311037
74 0 0.00572030100334448
75 0 0.0058206220735786
76 0 0.00592094314381271
77 0 0.00602126421404682
78 0 0.00612158528428094
79 0 0.00622190635451505
80 0 0.00632222742474917
81 0 0.00642254849498328
82 0 0.00652286956521739
83 0 0.00662319063545151
84 0 0.00672351170568562
85 0 0.00682383277591973
86 0 0.00692415384615385
87 0 0.00702447491638796
88 0 0.00712479598662207
89 0 0.00722511705685619
90 0 0.0073254381270903
91 0 0.00742575919732442
92 0 0.00752608026755853
93 0 0.00762640133779264
94 0 0.00772672240802676
95 0 0.00782704347826087
96 0 0.00792736454849498
97 0 0.0080276856187291
98 0 0.00812800668896321
99 0 0.00822832775919733
100 0 0.00832864882943144
101 0 0.00842896989966555
102 0 0.00852929096989967
103 0 0.00862961204013378
104 0 0.00872993311036789
105 0 0.00883025418060201
106 0 0.00893057525083612
107 0 0.00903089632107023
108 0 0.00913121739130435
109 0 0.00923153846153846
110 0 0.00933185953177258
111 0 0.00943218060200669
112 0 0.0095325016722408
113 0 0.00963282274247492
114 0 0.00973314381270903
115 0 0.00983346488294314
116 0 0.00993378595317726
117 0 0.0100341070234114
118 0 0.0101344280936455
119 0 0.0102347491638796
120 0 0.0103350702341137
121 0 0.0104353913043478
122 0 0.0105357123745819
123 0 0.0106360334448161
124 0 0.0107363545150502
125 0 0.0108366755852843
126 0 0.0109369966555184
127 0 0.0110373177257525
128 0 0.0111376387959866
129 0 0.0112379598662207
130 0 0.0113382809364549
131 0 0.011438602006689
132 0 0.0115389230769231
133 0 0.0116392441471572
134 0 0.0117395652173913
135 0 0.0118398862876254
136 0 0.0119402073578595
137 0 0.0120405284280936
138 0 0.0121408494983278
139 0 0.0122411705685619
140 0 0.012341491638796
141 0 0.0124418127090301
142 0 0.0125421337792642
143 0 0.0126424548494983
144 0 0.0127427759197324
145 0 0.0128430969899666
146 0 0.0129434180602007
147 0 0.0130437391304348
148 0 0.0131440602006689
149 0 0.013244381270903
150 0 0.0133447023411371
151 0 0.0134450234113712
152 0 0.0135453444816054
153 0 0.0136456655518395
154 0 0.0137459866220736
155 0 0.0138463076923077
156 0 0.0139466287625418
157 0 0.0140469498327759
158 0 0.01414727090301
159 0 0.0142475919732441
160 0 0.0143479130434783
161 0 0.0144482341137124
162 0 0.0145485551839465
163 0 0.0146488762541806
164 0 0.0147491973244147
165 0 0.0148495183946488
166 0 0.0149498394648829
167 0 0.0150501605351171
168 0 0.0151504816053512
169 0 0.0152508026755853
170 0 0.0153511237458194
171 0 0.0154514448160535
172 0 0.0155517658862876
173 0 0.0156520869565217
174 0 0.0157524080267559
175 0 0.01585272909699
176 0 0.0159530501672241
177 0 0.0160533712374582
178 0 0.0161536923076923
179 0 0.0162540133779264
180 0 0.0163543344481605
181 0 0.0164546555183946
182 0 0.0165549765886288
183 0 0.0166552976588629
184 0 0.016755618729097
185 0 0.0168559397993311
186 0 0.0169562608695652
187 0 0.0170565819397993
188 0 0.0171569030100334
189 0 0.0172572240802676
190 0 0.0173575451505017
191 0 0.0174578662207358
192 0 0.0175581872909699
193 0 0.017658508361204
194 0 0.0177588294314381
195 0 0.0178591505016722
196 0 0.0179594715719064
197 0 0.0180597926421405
198 0 0.0181601137123746
199 0 0.0182604347826087
200 0 0.0183607558528428
201 0 0.0184610769230769
202 0 0.018561397993311
203 0 0.0186617190635451
204 0 0.0187620401337793
205 0 0.0188623612040134
206 0 0.0189626822742475
207 0 0.0190630033444816
208 0 0.0191633244147157
209 0 0.0192636454849498
210 0 0.0193639665551839
211 0 0.0194642876254181
212 0 0.0195646086956522
213 0 0.0196649297658863
214 0 0.0197652508361204
215 0 0.0198655719063545
216 0 0.0199658929765886
217 0 0.0200662140468227
218 0 0.0201665351170569
219 0 0.020266856187291
220 0 0.0203671772575251
221 0 0.0204674983277592
222 0 0.0205678193979933
223 0 0.0206681404682274
224 0 0.0207684615384615
225 0 0.0208687826086957
226 0 0.0209691036789298
227 0 0.0210694247491639
228 0 0.021169745819398
229 0 0.0212700668896321
230 0 0.0213703879598662
231 0 0.0214707090301003
232 0 0.0215710301003345
233 0 0.0216713511705686
234 0 0.0217716722408027
235 0 0.0218719933110368
236 0 0.0219723143812709
237 0 0.022072635451505
238 0 0.0221729565217391
239 0 0.0222732775919732
240 0 0.0223735986622074
241 0 0.0224739197324415
242 0 0.0225742408026756
243 0 0.0226745618729097
244 0 0.0227748829431438
245 0 0.0228752040133779
246 0 0.022975525083612
247 0 0.0230758461538462
248 0 0.0231761672240803
249 0 0.0232764882943144
250 0 0.0233768093645485
251 0 0.0234771304347826
252 0 0.0235774515050167
253 0 0.0236777725752508
254 0 0.023778093645485
255 0 0.0238784147157191
256 0 0.0239787357859532
257 0 0.0240790568561873
258 0 0.0241793779264214
259 0 0.0242796989966555
260 0 0.0243800200668896
261 0 0.0244803411371237
262 0 0.0245806622073579
263 0 0.024680983277592
264 0 0.0247813043478261
265 0 0.0248816254180602
266 0 0.0249819464882943
267 0 0.0250822675585284
268 0 0.0251825886287625
269 0 0.0252829096989967
270 0 0.0253832307692308
271 0 0.0254835518394649
272 0 0.025583872909699
273 0 0.0256841939799331
274 0 0.0257845150501672
275 0 0.0258848361204013
276 0 0.0259851571906355
277 0 0.0260854782608696
278 0 0.0261857993311037
279 0 0.0262861204013378
280 0 0.0263864414715719
281 0 0.026486762541806
282 0 0.0265870836120401
283 0 0.0266874046822742
284 0 0.0267877257525084
285 0 0.0268880468227425
286 0 0.0269883678929766
287 0 0.0270886889632107
288 0 0.0271890100334448
289 0 0.0272893311036789
290 0 0.027389652173913
291 0 0.0274899732441472
292 0 0.0275902943143813
293 0 0.0276906153846154
294 0 0.0277909364548495
295 0 0.0278912575250836
296 0 0.0279915785953177
297 0 0.0280918996655518
298 0 0.028192220735786
299 0 0.0282925418060201
300 0 0.0283928628762542
301 0 0.0284931839464883
302 0 0.0285935050167224
303 0 0.0286938260869565
304 0 0.0287941471571906
305 0 0.0288944682274248
306 0 0.0289947892976589
307 0 0.029095110367893
308 0 0.0291954314381271
309 0 0.0292957525083612
310 0 0.0293960735785953
311 0 0.0294963946488294
312 0 0.0295967157190635
313 0 0.0296970367892977
314 0 0.0297973578595318
315 0 0.0298976789297659
316 0 0.029998
317 9.63054665560636e-09 0.0299981960342807
318 3.84294391935391e-08 0.029998390180644
319 8.61193285355824e-08 0.0299985805693545
320 1.52240934977427e-07 0.0299987653668647
321 2.3615747130329e-07 0.0299989427934737
322 3.37060775394909e-07 0.029999111140466
323 4.53979093274526e-07 0.0299992687865683
324 5.85786437626905e-07 0.0299994142135624
325 7.31213431672709e-07 0.0299995460209067
326 8.88859533960796e-07 0.0299996629392246
327 1.057206526348e-06 0.0299997638425287
328 1.23463313526982e-06 0.029999847759065
329 1.41943064549108e-06 0.0299999138806715
330 1.60981935596774e-06 0.0299999615705608
331 1.80396571934088e-06 0.0299999903694533
332 2e-06 0.03
333 0.000102321070234114 0.03
334 0.000202642140468227 0.03
335 0.000302963210702341 0.03
336 0.000403284280936455 0.03
337 0.000503605351170569 0.03
338 0.000603926421404682 0.03
339 0.000704247491638796 0.03
340 0.00080456856187291 0.03
341 0.000904889632107024 0.03
342 0.00100521070234114 0.03
343 0.00110553177257525 0.03
344 0.00120585284280936 0.03
345 0.00130617391304348 0.03
346 0.00140649498327759 0.03
347 0.00150681605351171 0.03
348 0.00160713712374582 0.03
349 0.00170745819397993 0.03
350 0.00180777926421405 0.03
351 0.00190810033444816 0.03
352 0.00200842140468227 0.03
353 0.00210874247491639 0.03
354 0.0022090635451505 0.03
355 0.00230938461538462 0.03
356 0.00240970568561873 0.03
357 0.00251002675585284 0.03
358 0.00261034782608696 0.03
359 0.00271066889632107 0.03
360 0.00281098996655518 0.03
361 0.0029113110367893 0.03
362 0.00301163210702341 0.03
363 0.00311195317725752 0.03
364 0.00321227424749164 0.03
365 0.00331259531772575 0.03
366 0.00341291638795987 0.03
367 0.00351323745819398 0.03
368 0.00361355852842809 0.03
369 0.00371387959866221 0.03
370 0.00381420066889632 0.03
371 0.00391452173913044 0.03
372 0.00401484280936455 0.03
373 0.00411516387959866 0.03
374 0.00421548494983278 0.03
375 0.00431580602006689 0.03
376 0.004416127090301 0.03
377 0.00451644816053512 0.03
378 0.00461676923076923 0.03
379 0.00471709030100334 0.03
380 0.00481741137123746 0.03
381 0.00491773244147157 0.03
382 0.00501805351170569 0.03
383 0.0051183745819398 0.03
384 0.00521869565217391 0.03
385 0.00531901672240803 0.03
386 0.00541933779264214 0.03
387 0.00551965886287625 0.03
388 0.00561997993311037 0.03
389 0.00572030100334448 0.03
390 0.0058206220735786 0.03
391 0.00592094314381271 0.03
392 0.00602126421404682 0.03
393 0.00612158528428094 0.03
394 0.00622190635451505 0.03
395 0.00632222742474917 0.03
396 0.00642254849498328 0.03
397 0.00652286956521739 0.03
398 0.00662319063545151 0.03
399 0.00672351170568562 0.03
400 0.00682383277591973 0.03
401 0.00692415384615385 0.03
402 0.00702447491638796 0.03
403 0.00712479598662207 0.03
404 0.00722511705685619 0.03
405 0.0073254381270903 0.03
406 0.00742575919732442 0.03
407 0.00752608026755853 0.03
408 0.00762640133779264 0.03
409 0.00772672240802676 0.03
410 0.00782704347826087 0.03
411 0.00792736454849498 0.03
412 0.0080276856187291 0.03
413 0.00812800668896321 0.03
414 0.00822832775919733 0.03
415 0.00832864882943144 0.03
416 0.00842896989966555 0.03
417 0.00852929096989967 0.03
418 0.00862961204013378 0.03
419 0.00872993311036789 0.03
420 0.00883025418060201 0.03
421 0.00893057525083612 0.03
422 0.00903089632107023 0.03
423 0.00913121739130435 0.03
424 0.00923153846153846 0.03
425 0.00933185953177258 0.03
426 0.00943218060200669 0.03
427 0.0095325016722408 0.03
428 0.00963282274247492 0.03
429 0.00973314381270903 0.03
430 0.00983346488294314 0.03
431 0.00993378595317726 0.03
432 0.0100341070234114 0.03
433 0.0101344280936455 0.03
434 0.0102347491638796 0.03
435 0.0103350702341137 0.03
436 0.0104353913043478 0.03
437 0.0105357123745819 0.03
438 0.0106360334448161 0.03
439 0.0107363545150502 0.03
440 0.0108366755852843 0.03
441 0.0109369966555184 0.03
442 0.0110373177257525 0.03
443 0.0111376387959866 0.03
444 0.0112379598662207 0.03
445 0.0113382809364549 0.03
446 0.011438602006689 0.03
447 0.0115389230769231 0.03
448 0.0116392441471572 0.03
449 0.0117395652173913 0.03
450 0.0118398862876254 0.03
451 0.0119402073578595 0.03
452 0.0120405284280936 0.03
453 0.0121408494983278 0.03
454 0.0122411705685619 0.03
455 0.012341491638796 0.03
456 0.0124418127090301 0.03
457 0.0125421337792642 0.03
458 0.0126424548494983 0.03
459 0.0127427759197324 0.03
460 0.0128430969899666 0.03
461 0.0129434180602007 0.03
462 0.0130437391304348 0.03
463 0.0131440602006689 0.03
464 0.013244381270903 0.03
465 0.0133447023411371 0.03
466 0.0134450234113712 0.03
467 0.0135453444816054 0.03
468 0.0136456655518395 0.03
469 0.0137459866220736 0.03
470 0.0138463076923077 0.03
471 0.0139466287625418 0.03
472 0.0140469498327759 0.03
473 0.01414727090301 0.03
474 0.0142475919732441 0.03
475 0.0143479130434783 0.03
476 0.0144482341137124 0.03
477 0.0145485551839465 0.03
478 0.0146488762541806 0.03
479 0.0147491973244147 0.03
480 0.0148495183946488 0.03
481 0.0149498394648829 0.03
482 0.0150501605351171 0.03
483 0.0151504816053512 0.03
484 0.0152508026755853 0.03
485 0.0153511237458194 0.03
486 0.0154514448160535 0.03
487 0.0155517658862876 0.03
488 0.0156520869565217 0.03
489 0.0157524080267559 0.03
490 0.01585272909699 0.03
491 0.0159530501672241 0.03
492 0.0160533712374582 0.03
493 0.0161536923076923 0.03
494 0.0162540133779264 0.03
495 0.0163543344481605 0.03
496 0.0164546555183946 0.03
497 0.0165549765886288 0.03
498 0.0166552976588629 0.03
499 0.016755618729097 0.03
500 0.0168559397993311 0.03
501 0.0169562608695652 0.03
502 0.0170565819397993 0.03
503 0.0171569030100334 0.03
504 0.0172572240802676 0.03
505 0.0173575451505017 0.03
506 0.0174578662207358 0.03
507 0.0175581872909699 0.03
508 0.017658508361204 0.03
509 0.0177588294314381 0.03
510 0.0178591505016722 0.03
511 0.0179594715719064 0.03
512 0.0180597926421405 0.03
513 0.0181601137123746 0.03
514 0.0182604347826087 0.03
515 0.0183607558528428 0.03
516 0.0184610769230769 0.03
517 0.018561397993311 0.03
518 0.0186617190635451 0.03
519 0.0187620401337793 0.03
520 0.0188623612040134 0.03
521 0.0189626822742475 0.03
522 0.0190630033444816 0.03
523 0.0191633244147157 0.03
524 0.0192636454849498 0.03
525 0.0193639665551839 0.03
526 0.0194642876254181 0.03
527 0.0195646086956522 0.03
528 0.0196649297658863 0.03
529 0.0197652508361204 0.03
530 0.0198655719063545 0.03
531 0.0199658929765886 0.03
532 0.0200662140468227 0.03
533 0.0201665351170569 0.03
534 0.020266856187291 0.03
535 0.0203671772575251 0.03
536 0.0204674983277592 0.03
537 0.0205678193979933 0.03
538 0.0206681404682274 0.03
539 0.0207684615384615 0.03
540 0.0208687826086957 0.03
541 0.0209691036789298 0.03
542 0.0210694247491639 0.03
543 0.021169745819398 0.03
544 0.0212700668896321 0.03
545 0.0213703879598662 0.03
546 0.0214707090301003 0.03
547 0.0215710301003345 0.03
548 0.0216713511705686 0.03
549 0.0217716722408027 0.03
550 0.0218719933110368 0.03
551 0.0219723143812709 0.03
552 0.022072635451505 0.03
553 0.0221729565217391 0.03
554 0.0222732775919732 0.03
555 0.0223735986622074 0.03
556 0.0224739197324415 0.03
557 0.0225742408026756 0.03
558 0.0226745618729097 0.03
559 0.0227748829431438 0.03
560 0.0228752040133779 0.03
561 0.022975525083612 0.03
562 0.0230758461538462 0.03
563 0.0231761672240803 0.03
564 0.0232764882943144 0.03
565 0.0233768093645485 0.03
566 0.0234771304347826 0.03
567 0.0235774515050167 0.03
568 0.0236777725752508 0.03
569 0.023778093645485 0.03
570 0.0238784147157191 0.03
571 0.0239787357859532 0.03
572 0.0240790568561873 0.03
573 0.0241793779264214 0.03
574 0.0242796989966555 0.03
575 0.0243800200668896 0.03
576 0.0244803411371237 0.03
577 0.0245806622073579 0.03
578 0.024680983277592 0.03
579 0.0247813043478261 0.03
580 0.0248816254180602 0.03
581 0.0249819464882943 0.03
582 0.0250822675585284 0.03
583 0.0251825886287625 0.03
584 0.0252829096989967 0.03
585 0.0253832307692308 0.03
586 0.0254835518394649 0.03
587 0.025583872909699 0.03
588 0.0256841939799331 0.03
589 0.0257845150501672 0.03
590 0.0258848361204013 0.03
591 0.0259851571906355 0.03
592 0.0260854782608696 0.03
593 0.0261857993311037 0.03
594 0.0262861204013378 0.03
595 0.0263864414715719 0.03
596 0.026486762541806 0.03
597 0.0265870836120401 0.03
598 0.0266874046822742 0.03
599 0.0267877257525084 0.03
600 0.0268880468227425 0.03
601 0.0269883678929766 0.03
602 0.0270886889632107 0.03
603 0.0271890100334448 0.03
604 0.0272893311036789 0.03
605 0.027389652173913 0.03
606 0.0274899732441472 0.03
607 0.0275902943143813 0.03
608 0.0276906153846154 0.03
609 0.0277909364548495 0.03
610 0.0278912575250836 0.03
611 0.0279915785953177 0.03
612 0.0280918996655518 0.03
613 0.028192220735786 0.03
614 0.0282925418060201 0.03
615 0.0283928628762542 0.03
616 0.0284931839464883 0.03
617 0.0285935050167224 0.03
618 0.0286938260869565 0.03
619 0.0287941471571906 0.03
620 0.0288944682274248 0.03
621 0.0289947892976589 0.03
622 0.029095110367893 0.03
623 0.0291954314381271 0.03
624 0.0292957525083612 0.03
625 0.0293960735785953 0.03
626 0.0294963946488294 0.03
627 0.0295967157190635 0.03
628 0.0296970367892977 0.03
629 0.0297973578595318 0.03
630 0.0298976789297659 0.03
631 0.029998 0.03
632 0.0299981960342807 0.0299999903694533
633 0.029998390180644 0.0299999615705608
634 0.0299985805693545 0.0299999138806715
635 0.0299987653668647 0.029999847759065
636 0.0299989427934737 0.0299997638425287
637 0.029999111140466 0.0299996629392246
638 0.0299992687865683 0.0299995460209067
639 0.0299994142135624 0.0299994142135624
640 0.0299995460209067 0.0299992687865683
641 0.0299996629392246 0.029999111140466
642 0.0299997638425287 0.0299989427934737
643 0.029999847759065 0.0299987653668647
644 0.0299999138806715 0.0299985805693545
645 0.0299999615705608 0.029998390180644
646 0.0299999903694533 0.0299981960342807
647 0.03 0.029998
648 0.03 0.0298976789297659
649 0.03 0.0297973578595318
650 0.03 0.0296970367892977
651 0.03 0.0295967157190635
652 0.03 0.0294963946488294
653 0.03 0.0293960735785953
654 0.03 0.0292957525083612
655 0.03 0.0291954314381271
656 0.03 0.029095110367893
657 0.03 0.0289947892976589
658 0.03 0.0288944682274248
659 0.03 0.0287941471571906
660 0.03 0.0286938260869565
661 0.03 0.0285935050167224
662 0.03 0.0284931839464883
663 0.03 0.0283928628762542
664 0.03 0.0282925418060201
665 0.03 0.028192220735786
666 0.03 0.0280918996655518
667 0.03 0.0279915785953177
668 0.03 0.0278912575250836
669 0.03 0.0277909364548495
670 0.03 0.0276906153846154
671 0.03 0.0275902943143813
672 0.03 0.0274899732441472
673 0.03 0.027389652173913
674 0.03 0.0272893311036789
675 0.03 0.0271890100334448
676 0.03 0.0270886889632107
677 0.03 0.0269883678929766
678 0.03 0.0268880468227425
679 0.03 0.0267877257525084
680 0.03 0.0266874046822742
681 0.03 0.0265870836120401
682 0.03 0.026486762541806
683 0.03 0.0263864414715719
684 0.03 0.0262861204013378
685 0.03 0.0261857993311037
686 0.03 0.0260854782608696
687 0.03 0.0259851571906355
688 0.03 0.0258848361204013
689 0.03 0.0257845150501672
690 0.03 0.0256841939799331
691 0.03 0.025583872909699
692 0.03 0.0254835518394649
693 0.03 0.0253832307692308
694 0.03 0.0252829096989967
695 0.03 0.0251825886287625
696 0.03 0.0250822675585284
697 0.03 0.0249819464882943
698 0.03 0.0248816254180602
699 0.03 0.0247813043478261
700 0.03 0.024680983277592
701 0.03 0.0245806622073579
702 0.03 0.0244803411371237
703 0.03 0.0243800200668896
704 0.03 0.0242796989966555
705 0.03 0.0241793779264214
706 0.03 0.0240790568561873
707 0.03 0.0239787357859532
708 0.03 0.0238784147157191
709 0.03 0.023778093645485
710 0.03 0.0236777725752508
711 0.03 0.0235774515050167
712 0.03 0.0234771304347826
713 0.03 0.0233768093645485
714 0.03 0.0232764882943144
715 0.03 0.0231761672240803
716 0.03 0.0230758461538462
717 0.03 0.022975525083612
718 0.03 0.0228752040133779
719 0.03 0.0227748829431438
720 0.03 0.0226745618729097
721 0.03 0.0225742408026756
722 0.03 0.0224739197324415
723 0.03 0.0223735986622074
724 0.03 0.0222732775919732
725 0.03 0.0221729565217391
726 0.03 0.022072635451505
727 0.03 0.0219723143812709
728 0.03 0.0218719933110368
729 0.03 0.0217716722408027
730 0.03 0.0216713511705686
731 0.03 0.0215710301003345
732 0.03 0.0214707090301003
733 0.03 0.0213703879598662
734 0.03 0.0212700668896321
735 0.03 0.021169745819398
736 0.03 0.0210694247491639
737 0.03 0.0209691036789298
738 0.03 0.0208687826086957
739 0.03 0.0207684615384615
740 0.03 0.0206681404682274
741 0.03 0.0205678193979933
742 0.03 0.0204674983277592
743 0.03 0.0203671772575251
744 0.03 0.020266856187291
745 0.03 0.0201665351170569
746 0.03 0.0200662140468227
747 0.03 0.0199658929765886
748 0.03 0.0198655719063545
749 0.03 0.0197652508361204
750 0.03 0.0196649297658863
751 0.03 0.0195646086956522
752 0.03 0.0194642876254181
753 0.03 0.0193639665551839
754 0.03 0.0192636454849498
755 0.03 0.0191633244147157
756 0.03 0.0190630033444816
757 0.03 0.0189626822742475
758 0.03 0.0188623612040134
759 0.03 0.0187620401337793
760 0.03 0.0186617190635451
761 0.03 0.018561397993311
762 0.03 0.0184610769230769
763 0.03 0.0183607558528428
764 0.03 0.0182604347826087
765 0.03 0.0181601137123746
766 0.03 0.0180597926421405
767 0.03 0.0179594715719064
768 0.03 0.0178591505016722
769 0.03 0.0177588294314381
770 0.03 0.017658508361204
771 0.03 0.0175581872909699
772 0.03 0.0174578662207358
773 0.03 0.0173575451505017
774 0.03 0.0172572240802676
775 0.03 0.0171569030100334
776 0.03 0.0170565819397993
777 0.03 0.0169562608695652
778 0.03 0.0168559397993311
779 0.03 0.016755618729097
780 0.03 0.0166552976588629
781 0.03 0.0165549765886288
782 0.03 0.0164546555183946
783 0.03 0.0163543344481605
784 0.03 0.0162540133779264
785 0.03 0.0161536923076923
786 0.03 0.0160533712374582
787 0.03 0.0159530501672241
788 0.03 0.01585272909699
789 0.03 0.0157524080267559
790 0.03 0.0156520869565217
791 0.03 0.0155517658862876
792 0.03 0.0154514448160535
793 0.03 0.0153511237458194
794 0.03 0.0152508026755853
795 0.03 0.0151504816053512
796 0.03 0.0150501605351171
797 0.03 0.0149498394648829
798 0.03 0.0148495183946488
799 0.03 0.0147491973244147
800 0.03 0.0146488762541806
801 0.03 0.0145485551839465
802 0.03 0.0144482341137124
803 0.03 0.0143479130434783
804 0.03 0.0142475919732441
805 0.03 0.01414727090301
806 0.03 0.0140469498327759
807 0.03 0.0139466287625418
808 0.03 0.0138463076923077
809 0.03 0.0137459866220736
810 0.03 0.0136456655518395
811 0.03 0.0135453444816054
812 0.03 0.0134450234113712
813 0.03 0.0133447023411371
814 0.03 0.013244381270903
815 0.03 0.0131440602006689
816 0.03 0.0130437391304348
817 0.03 0.0129434180602007
818 0.03 0.0128430969899666
819 0.03 0.0127427759197324
820 0.03 0.0126424548494983
821 0.03 0.0125421337792642
822 0.03 0.0124418127090301
823 0.03 0.012341491638796
824 0.03 0.0122411705685619
825 0.03 0.0121408494983278
826 0.03 0.0120405284280936
827 0.03 0.0119402073578595
828 0.03 0.0118398862876254
829 0.03 0.0117395652173913
830 0.03 0.0116392441471572
831 0.03 0.0115389230769231
832 0.03 0.011438602006689
833 0.03 0.0113382809364549
834 0.03 0.0112379598662207
835 0.03 0.0111376387959866
836 0.03 0.0110373177257525
837 0.03 0.0109369966555184
838 0.03 0.0108366755852843
839 0.03 0.0107363545150502
840 0.03 0.0106360334448161
841 0.03 0.0105357123745819
842 0.03 0.0104353913043478
843 0.03 0.0103350702341137
844 0.03 0.0102347491638796
845 0.03 0.0101344280936455
846 0.03 0.0100341070234114
847 0.03 0.00993378595317726
848 0.03 0.00983346488294314
849 0.03 0.00973314381270903
850 0.03 0.00963282274247492
851 0.03 0.0095325016722408
852 0.03 0.00943218060200669
853 0.03 0.00933185953177258
854 0.03 0.00923153846153846
855 0.03 0.00913121739130435
856 0.03 0.00903089632107023
857 0.03 0.00893057525083612
858 0.03 0.00883025418060201
859 0.03 0.00872993311036789
860 0.03 0.00862961204013378
861 0.03 0.00852929096989967
862 0.03 0.00842896989966555
863 0.03 0.00832864882943144
864 0.03 0.00822832775919733
865 0.03 0.00812800668896321
866 0.03 0.0080276856187291
867 0.03 0.00792736454849498
868 0.03 0.00782704347826087
869 0.03 0.00772672240802676
870 0.03 0.00762640133779264
871 0.03 0.00752608026755853
872 0.03 0.00742575919732442
873 0.03 0.0073254381270903
874 0.03 0.00722511705685619
875 0.03 0.00712479598662207
876 0.03 0.00702447491638796
877 0.03 0.00692415384615385
878 0.03 0.00682383277591973
879 0.03 0.00672351170568562
880 0.03 0.00662319063545151
881 0.03 0.00652286956521739
882 0.03 0.00642254849498328
883 0.03 0.00632222742474917
884 0.03 0.00622190635451505
885 0.03 0.00612158528428094
886 0.03 0.00602126421404682
887 0.03 0.00592094314381271
888 0.03 0.0058206220735786
889 0.03 0.00572030100334448
890 0.03 0.00561997993311037
891 0.03 0.00551965886287625
892 0.03 0.00541933779264214
893 0.03 0.00531901672240803
894 0.03 0.00521869565217391
895 0.03 0.0051183745819398
896 0.03 0.00501805351170569
897 0.03 0.00491773244147157
898 0.03 0.00481741137123746
899 0.03 0.00471709030100334
900 0.03 0.00461676923076923
901 0.03 0.00451644816053512
902 0.03 0.004416127090301
903 0.03 0.00431580602006689
904 0.03 0.00421548494983278
905 0.03 0.00411516387959866
906 0.03 0.00401484280936455
907 0.03 0.00391452173913044
908 0.03 0.00381420066889632
909 0.03 0.00371387959866221
910 0.03 0.00361355852842809
911 0.03 0.00351323745819398
912 0.03 0.00341291638795987
913 0.03 0.00331259531772575
914 0.03 0.00321227424749164
915 0.03 0.00311195317725752
916 0.03 0.00301163210702341
917 0.03 0.0029113110367893
918 0.03 0.00281098996655518
919 0.03 0.00271066889632107
920 0.03 0.00261034782608696
921 0.03 0.00251002675585284
922 0.03 0.00240970568561873
923 0.03 0.00230938461538462
924 0.03 0.0022090635451505
925 0.03 0.00210874247491639
926 0.03 0.00200842140468227
927 0.03 0.00190810033444816
928 0.03 0.00180777926421405
929 0.03 0.00170745819397993
930 0.03 0.00160713712374582
931 0.03 0.00150681605351171
932 0.03 0.00140649498327759
933 0.03 0.00130617391304348
934 0.03 0.00120585284280936
935 0.03 0.00110553177257525
936 0.03 0.00100521070234114
937 0.03 0.000904889632107024
938 0.03 0.00080456856187291
939 0.03 0.000704247491638796
940 0.03 0.000603926421404682
941 0.03 0.000503605351170569
942 0.03 0.000403284280936455
943 0.03 0.000302963210702341
944 0.03 0.000202642140468227
945 0.03 0.000102321070234114
946 0.03 2e-06
947 0.0299999903694533 1.80396571934088e-06
948 0.0299999615705608 1.60981935596774e-06
949 0.0299999138806715 1.41943064549107e-06
950 0.029999847759065 1.23463313526982e-06
951 0.0299997638425287 1.057206526348e-06
952 0.0299996629392246 8.88859533960796e-07
953 0.0299995460209067 7.31213431672708e-07
954 0.0299994142135624 5.85786437626905e-07
955 0.0299992687865683 4.53979093274526e-07
956 0.029999111140466 3.37060775394909e-07
957 0.0299989427934737 2.3615747130329e-07
958 0.0299987653668647 1.52240934977427e-07
959 0.0299985805693545 8.61193285355821e-08
960 0.029998390180644 3.84294391935391e-08
961 0.0299981960342807 9.63054665560614e-09
962 0.029998 0
963 0.0298976789297659 0
964 0.0297973578595318 0
965 0.0296970367892977 0
966 0.0295967157190635 0
967 0.0294963946488294 0
968 0.0293960735785953 0
969 0.0292957525083612 0
970 0.0291954314381271 0
971 0.029095110367893 0
972 0.0289947892976589 0
973 0.0288944682274248 0
974 0.0287941471571906 0
975 0.0286938260869565 0
976 0.0285935050167224 0
977 0.0284931839464883 0
978 0.0283928628762542 0
979 0.0282925418060201 0
980 0.028192220735786 0
981 0.0280918996655518 0
982 0.0279915785953177 0
983 0.0278912575250836 0
984 0.0277909364548495 0
985 0.0276906153846154 0
986 0.0275902943143813 0
987 0.0274899732441472 0
988 0.027389652173913 0
989 0.0272893311036789 0
990 0.0271890100334448 0
991 0.0270886889632107 0
992 0.0269883678929766 0
993 0.0268880468227425 0
994 0.0267877257525084 0
995 0.0266874046822742 0
996 0.0265870836120401 0
997 0.026486762541806 0
998 0.0263864414715719 0
999 0.0262861204013378 0
1000 0.0261857993311037 0
1001 0.0260854782608696 0
1002 0.0259851571906355 0
1003 0.0258848361204013 0
1004 0.0257845150501672 0
1005 0.0256841939799331 0
1006 0.025583872909699 0
1007 0.0254835518394649 0
1008 0.0253832307692308 0
1009 0.0252829096989967 0
1010 0.0251825886287625 0
1011 0.0250822675585284 0
1012 0.0249819464882943 0
1013 0.0248816254180602 0
1014 0.0247813043478261 0
1015 0.024680983277592 0
1016 0.0245806622073579 0
1017 0.0244803411371237 0
1018 0.0243800200668896 0
1019 0.0242796989966555 0
1020 0.0241793779264214 0
1021 0.0240790568561873 0
1022 0.0239787357859532 0
1023 0.0238784147157191 0
1024 0.023778093645485 0
1025 0.0236777725752508 0
1026 0.0235774515050167 0
1027 0.0234771304347826 0
1028 0.0233768093645485 0
1029 0.0232764882943144 0
1030 0.0231761672240803 0
1031 0.0230758461538462 0
1032 0.022975525083612 0
1033 0.0228752040133779 0
1034 0.0227748829431438 0
1035 0.0226745618729097 0
1036 0.0225742408026756 0
1037 0.0224739197324415 0
1038 0.0223735986622074 0
1039 0.0222732775919732 0
1040 0.0221729565217391 0
1041 0.022072635451505 0
1042 0.0219723143812709 0
1043 0.0218719933110368 0
1044 0.0217716722408027 0
1045 0.0216713511705686 0
1046 0.0215710301003345 0
1047 0.0214707090301003 0
1048 0.0213703879598662 0
1049 0.0212700668896321 0
1050 0.021169745819398 0
1051 0.0210694247491639 0
1052 0.0209691036789298 0
1053 0.0208687826086957 0
1054 0.0207684615384615 0
1055 0.0206681404682274 0
1056 0.0205678193979933 0
1057 0.0204674983277592 0
1058 0.0203671772575251 0
1059 0.020266856187291 0
1060 0.0201665351170569 0
1061 0.0200662140468227 0
1062 0.0199658929765886 0
1063 0.0198655719063545 0
1064 0.0197652508361204 0
1065 0.0196649297658863 0
1066 0.0195646086956522 0
1067 0.0194642876254181 0
1068 0.0193639665551839 0
1069 0.0192636454849498 0
1070 0.0191633244147157 0
1071 0.0190630033444816 0
1072 0.0189626822742475 0
1073 0.0188623612040134 0
1074 0.0187620401337793 0
1075 0.0186617190635451 0
1076 0.018561397993311 0
1077 0.0184610769230769 0
1078 0.0183607558528428 0
1079 0.0182604347826087 0
1080 0.0181601137123746 0
1081 0.0180597926421405 0
1082 0.0179594715719064 0
1083 0.0178591505016722 0
1084 0.0177588294314381 0
1085 0.017658508361204 0
1086 0.0175581872909699 0
1087 0.0174578662207358 0
1088 0.0173575451505017 0
1089 0.0172572240802676 0
1090 0.0171569030100334 0
1091 0.0170565819397993 0
1092 0.0169562608695652 0
1093 0.0168559397993311 0
1094 0.016755618729097 0
1095 0.0166552976588629 0
1096 0.0165549765886288 0
1097 0.0164546555183946 0
1098 0.0163543344481605 0
1099 0.0162540133779264 0
1100 0.0161536923076923 0
1101 0.0160533712374582 0
1102 0.0159530501672241 0
1103 0.01585272909699 0
1104 0.0157524080267559 0
1105 0.0156520869565217 0
1106 0.0155517658862876 0
1107 0.0154514448160535 0
1108 0.0153511237458194 0
1109 0.0152508026755853 0
1110 0.0151504816053512 0
1111 0.0150501605351171 0
1112 0.0149498394648829 0
1113 0.0148495183946488 0
1114 0.0147491973244147 0
1115 0.0146488762541806 0
1116 0.0145485551839465 0
1117 0.0144482341137124 0
1118 0.0143479130434783 0
1119 0.0142475919732441 0
1120 0.01414727090301 0
1121 0.0140469498327759 0
1122 0.0139466287625418 0
1123 0.0138463076923077 0
1124 0.0137459866220736 0
1125 0.0136456655518395 0
1126 0.0135453444816054 0
1127 0.0134450234113712 0
1128 0.0133447023411371 0
1129 0.013244381270903 0
1130 0.0131440602006689 0
1131 0.0130437391304348 0
1132 0.0129434180602007 0
1133 0.0128430969899666 0
1134 0.0127427759197324 0
1135 0.0126424548494983 0
1136 0.0125421337792642 0
1137 0.0124418127090301 0
1138 0.012341491638796 0
1139 0.0122411705685619 0
1140 0.0121408494983278 0
1141 0.0120405284280936 0
1142 0.0119402073578595 0
1143 0.0118398862876254 0
1144 0.0117395652173913 0
1145 0.0116392441471572 0
1146 0.0115389230769231 0
1147 0.011438602006689 0
1148 0.0113382809364549 0
1149 0.0112379598662207 0
1150 0.0111376387959866 0
1151 0.0110373177257525 0
1152 0.0109369966555184 0
1153 0.0108366755852843 0
1154 0.0107363545150502 0
1155 0.0106360334448161 0
1156 0.0105357123745819 0
1157 0.0104353913043478 0
1158 0.0103350702341137 0
1159 0.0102347491638796 0
1160 0.0101344280936455 0
1161 0.0100341070234114 0
1162 0.00993378595317726 0
1163 0.00983346488294314 0
1164 0.00973314381270903 0
1165 0.00963282274247492 0
1166 0.0095325016722408 0
1167 0.00943218060200669 0
1168 0.00933185953177258 0
1169 0.00923153846153846 0
1170 0.00913121739130435 0
1171 0.00903089632107023 0
1172 0.00893057525083612 0
1173 0.00883025418060201 0
1174 0.00872993311036789 0
1175 0.00862961204013378 0
1176 0.00852929096989967 0
1177 0.00842896989966555 0
1178 0.00832864882943144 0
1179 0.00822832775919733 0
1180 0.00812800668896321 0
1181 0.0080276856187291 0
1182 0.00792736454849498 0
1183 0.00782704347826087 0
1184 0.00772672240802676 0
1185 0.00762640133779264 0
1186 0.00752608026755853 0
1187 0.00742575919732442 0
1188 0.0073254381270903 0
1189 0.00722511705685619 0
1190 0.00712479598662207 0
1191 0.00702447491638796 0
1192 0.00692415384615385 0
1193 0.00682383277591973 0
1194 0.00672351170568562 0
1195 0.00662319063545151 0
1196 0.00652286956521739 0
1197 0.00642254849498328 0
1198 0.00632222742474917 0
1199 0.00622190635451505 0
1200 0.00612158528428094 0
1201 0.00602126421404682 0
1202 0.00592094314381271 0
1203 0.0058206220735786 0
1204 0.00572030100334448 0
1205 0.00561997993311037 0
1206 0.00551965886287625 0
1207 0.00541933779264214 0
1208 0.00531901672240803 0
1209 0.00521869565217391 0
1210 0.0051183745819398 0
1211 0.00501805351170569 0
1212 0.00491773244147157 0
1213 0.00481741137123746 0
1214 0.00471709030100334 0
1215 0.00461676923076923 0
1216 0.00451644816053512 0
1217 0.004416127090301 0
1218 0.00431580602006689 0
1219 0.00421548494983278 0
1220 0.00411516387959866 0
1221 0.00401484280936455 0
1222 0.00391452173913044 0
1223 0.00381420066889632 0
1224 0.00371387959866221 0
1225 0.00361355852842809 0
1226 0.00351323745819398 0
1227 0.00341291638795987 0
1228 0.00331259531772575 0
1229 0.00321227424749164 0
1230 0.00311195317725752 0
1231 0.00301163210702341 0
1232 0.0029113110367893 0
1233 0.00281098996655518 0
1234 0.00271066889632107 0
1235 0.00261034782608696 0
1236 0.00251002675585284 0
1237 0.00240970568561873 0
1238 0.00230938461538462 0
1239 0.0022090635451505 0
1240 0.00210874247491639 0
1241 0.00200842140468227 0
1242 0.00190810033444816 0
1243 0.00180777926421405 0
1244 0.00170745819397993 0
1245 0.00160713712374582 0
1246 0.00150681605351171 0
1247 0.00140649498327759 0
1248 0.00130617391304348 0
1249 0.00120585284280936 0
1250 0.00110553177257525 0
1251 0.00100521070234114 0
1252 0.000904889632107024 0
1253 0.00080456856187291 0
1254 0.000704247491638796 0
1255 0.000603926421404682 0
1256 0.000503605351170569 0
1257 0.000403284280936455 0
1258 0.000302963210702341 0
1259 0.000202642140468227 0
1260 0.000102321070234114 0


Lines

1 1 2
2 2 3
3 3 4
4 4 5
5 5 6
6 6 7
7 7 8
8 8 9
9 9 10
10 10 11
11 11 12
12 12 13
13 13 14
14 14 15
15 15 16
16 16 17
17 17 18
18 18 19
19 19 20
20 20 21
21 21 22
22 22 23
23 23 24
24 24 25
25 25 26
26 26 27
27 27 28
28 28 29
29 29 30
30 30 31
31 31 32
32 32 33
33 33 34
34 34 35
35 35 36
36 36 37
37 37 38
38 38 39
39 39 40
40 40 41
41 41 42
42 42 43
43 43 44
44 44 45
45 45 46
46 46 47
47 47 48
48 48 49
49 49 50
50 50 51
51 51 52
52 52 53
53 53 54
54 54 55
55 55 56
56 56 57
57 57 58
58 58 59
59 59 60
60 60 61
61 61 62
62 62 63
63 63 64
64 64 65
65 65 66
66 66 67
67 67 68
68 68 69
69 69 70
70 70 71
71 71 72
72 72 73
73 73 74
74 74 75
75 75 76
76 76 77
77 77 78
78 78 79
79 79 80
80 80 81
81 81 82
82 82 83
83 83 84
84 84 85
85 85 86
86 86 87
87 87 88
88 88 89
89 89 90
90 90 91
91 91 92
92 92 93
93 93 94
94 94 95
95 95 96
96 96 97
97 97 98
98 98 99
99 99 100
100 100 101
101 101 102
102 102 103
103 103 104
104 104 105
105 105 106
106 106 107
107 107 108
108 108 109
109 109 110
110 110 111
111 111 112
112 112 113
113 113 114
114 114 115
115 115 116
116 116 117
117 117 118
118 118 119
119 119 120
120 120 121
121 121 122
122 122 123
123 123 124
124 124 125
125 125 126
126 126 127
127 127 128
128 128 129
129 129 130
130 130 131
131 131 132
132 132 133
133 133 134
134 134 135
135 135 136
136 136 137
137 137 138
138 138 139
139 139 140
140 140 141
141 141 142
142 142 143
143 143 144
144 144 145
145 145 146
146 146 147
147 147 148
148 148 149
149 149 150
150 150 151
151 151 152
152 152 153
153 153 154
154 154 155
155 155 156
156 156 157
157 157 158
158 158 159
159 159 160
160 160 161
161 161 162
162 162 163
163 163 164
164 164 165
165 165 166
166 166 167
167 167 168
168 168 169
169 169 170
170 170 171
171 171 172
172 172 173
173 173 174
174 174 175
175 175 176
176 176 177
177 177 178
178 178 179
179 179 180
180 180 181
181 181 182
182 182 183
183 183 184
184 184 185
185 185 186
186 186 187
187 187 188
188 188 189
189 189 190
190 190 191
191 191 192
192 192 193
193 193 194
194 194 195
195 195 196
196 196 197
197 197 198
198 198 199
199 199 200
200 200 201
201 201 202
202 202 203
203 203 204
204 204 205
205 205 206
206 206 207
207 207 208
208 208 209
209 209 210
210 210 211
211 211 212
212 212 213
213 213 214
214 214 215
215 215 216
216 216 217
217 217 218
218 218 219
219 219 220
220 220 221
221 221 222
222 222 223
223 223 224
224 224 225
225 225 226
226 226 227
227 227 228
228 228 229
229 229 230
230 230 231
231 231 232
232 232 233
233 233 234
234 234 235
235 235 236
236 236 237
237 237 238
238 238 239
239 239 240
240 240 241
241 241 242
242 242 243
243 243 244
244 244 245
245 245 246
246 246 247
247 247 248
248 248 249
249 249 250
250 250 251
251 251 252
252 252 253
253 253 254
254 254 255
255 255 256
256 256 257
257 257 258
258 258 259
259 259 260
260 260 261
261 261 262
262 262 263
263 263 264
264 264 265
265 265 266
266 266 267
267 267 268
268 268 269
269 269 270
270 270 271
271 271 272
272 272 273
273 273 274
274 274 275
275 275 276
276 276 277
277 277 278
278 278 279
279 279 280
280 280 281
281 281 282
282 282 283
283 283 284
284 284 285
285 285 286
286 286 287
287 287 288
288 288 289
289 289 290
290 290 291
291 291 292
292 292 293
293 293 294
294 294 295
295 295 296
296 296 297
297 297 298
298 298 299
299 299 300
300 300 301
301 301 302
302 302 303
303 303 304
304 304 305
305 305 306
306 306 307
307 307 308
308 308 309
309 309 310
310 310 311
311 311 312
312 312 313
313 313 314
314 314 315
315 315 316
316 316 317
317 317 318
318 318 319
319 319 320
320 320 321
321 321 322
322 322 323
323 323 324
324 324 325
325 325 326
326 326 327
327 327 328
328 328 329
329 329 330
330 330 331
331 331 332
332 332 333
333 333 334
334 334 335
335 335 336
336 336 337
337 337 338
338 338 339
339 339 340
340 340 341
341 341 342
342 342 343
343 343 344
344 344 345
345 345 346
346 346 347
347 347 348
348 348 349
349 349 350
350 350 351
351 351 352
352 352 353
353 353 354
354 354 355
355 355 356
356 356 357
357 357 358
358 358 359
359 359 360
360 360 361
361 361 362
362 362 363
363 363 364
364 364 365
365 365 366
366 366 367
367 367 368
368 368 369
369 369 370
370 370 371
371 371 372
372 372 373
373 373 374
374 374 375
375 375 376
376 376 377
377 377 378
378 378 379
379 379 380
380 380 381
381 381 382
382 382 383
383 383 384
384 384 385
385 385 386
386 386 387
387 387 388
388 388 389
389 389 390
390 390 391
391 391 392
392 392 393
393 393 394
394 394 395
395 395 396
396 396 397
397 397 398
398 398 399
399 399 400
400 400 401
401 401 402
402 402 403
403 403 404
404 404 405
405 405 406
406 406 407
407 407 408
408 408 409
409 409 410
410 410 411
411 411 412
412 412 413
413 413 414
414 414 415
415 415 416
416 416 417
417 417 418
418 418 419
419 419 420
420 420 421
421 421 422
422 422 423
423 423 424
424 424 425
425 425 426
426 426 427
427 427 428
428 428 429
429 429 430
430 430 431
431 431 432
432 432 433
433 433 434
434 434 435
435 435 436
436 436 437
437 437 438
438 438 439
439 439 440
440 440 441
441 441 442
442 442 443
443 443 444
444 444 445
445 445 446
446 446 447
447 447 448
448 448 449
449 449 450
450 450 451
451 451 452
452 452 453
453 453 454
454 454 455
455 455 456
456 456 457
457 457 458
458 458 459
459 459 460
460 460 461
461 461 462
462 462 463
463 463 464
464 464 465
465 465 466
466 466 467
467 467 468
468 468 469
469 469 470
470 470 471
471 471 472
472 472 473
473 473 474
474 474 475
475 475 476
476 476 477
477 477 478
478 478 479
479 479 480
480 480 481
481 481 482
482 482 483
483 483 484
484 484 485
485 485 486
486 486 487
487 487 488
488 488 489
489 489 490
490 490 491
491 491 492
492 492 493
493 493 494
494 494 495
495 495 496
496 496 497
497 497 498
498 498 499
499 499 500
500 500 501
501 501 502
502 502 503
503 503 504
504 504 505
505 505 506
506 506 507
507 507 508
508 508 509
509 509 510
510 510 511
511 511 512
512 512 513
513 513 514
514 514 515
515 515 516
516 516 517
517 517 518
518 518 519
519 519 520
520 520 521
521 521 522
522 522 523
523 523 524
524 524 525
525 525 526
526 526 527
527 527 528
528 528 529
529 529 530
530 530 531
531 531 532
532 532 533
533 533 534
534 534 535
535 535 536
536 536 537
537 537 538
538 538 539
539 539 540
540 540 541
541 541 542
542 542 543
543 543 544
544 544 545
545 545 546
546 546 547
547 547 548
548 548 549
549 549 550
550 550 551
551 551 552
552 552 553
553 553 554
554 554 555
555 555 556
556 556 557
557 557 558
558 558 559
559 559 560
560 560 561
561 561 562
562 562 563
563 563 564
564 564 565
565 565 566
566 566 567
567 567 568
568 568 569
569 569 570
570 570 571
571 571 572
572 572 573
573 573 574
574 574 575
575 575 576
576 576 577
577 577 578
578 578 579
579 579 580
580 580 581
581 581 582
582 582 583
583 583 584
584 584 585
585 585 586
586 586 587
587 587 588
588 588 589
589 589 590
590 590 591
591 591 592
592 592 593
593 593 594
594 594 595
595 595 596
596 596 597
597 597 598
598 598 599
599 599 600
600 600 601
601 601 602
602 602 603
603 603 604
604 604 605
605 605 606
606 606 607
607 607 608
608 608 609
609 609 610
610 610 611
611 611 612
612 612 613
613 613 614
614 614 615
615 615 616
616 616 617
617 617 618
618 618 619
619 619 620
620 620 621
621 621 622
622 622 623
623 623 624
624 624 625
625 625 626
626 626 627
627 627 628
628 628 629
629 629 630
630 630 631
631 631 632
632 632 633
633 633 634
634 634 635
635 635 636
636 636 637
637 637 638
638 638 639
639 639 640
640 640 641
641 641 642
642 642 643
643 643 644
644 644 645
645 645 646
646 646 647
647 647 648
648 648 649
649 649 650
650 650 651
651 651 652
652 652 653
653 653 654
654 654 655
655 655 656
656 656 657
657 657 658
658 658 659
659 659 660
660 660 661
661 661 662
662 662 663
663 663 664
664 664 665
665 665 666
666 666 667
667 667 668
668 668 669
669 669 670
670 670 671
671 671 672
672 672 673
673 673 674
674 674 675
675 675 676
676 676 677
677 677 678
678 678 679
679 679 680
680 680 681
681 681 682
682 682 683
683 683 684
684 684 685
685 685 686
686 686 687
687 687 688
688 688 689
689 689 690
690 690 691
691 691 692
692 692 693
693 693 694
694 694 695
695 695 696
696 696 697
697 697 698
698 698 699
699 699 700
700 700 701
701 701 702
702 702 703
703 703 704
704 704 705
705 705 706
706 706 707
707 707 708
708 708 709
709 709 710
710 710 711
711 711 712
712 712 713
713 713 714
714 714 715
715 715 716
716 716 717
717 717 718
718 718 719
719 719 720
720 720 721
721 721 722
722 722 723
723 723 724
724 724 725
725 725 726
726 726 727
727 727 728
728 728 729
729 729 730
730 730 731
731 731 732
732 732 733
733 733 734
734 734 735
735 735 736
736 736 737
737 737 738
738 738 739
739 739 740
740 740 741
741 741 742
742 742 743
743 743 744
744 744 745
745 745 746
746 746 747
747 747 748
748 748 749
749 749 750
750 750 751
751 751 752
752 752 753
753 753 754
754 754 755
755 755 756
756 756 757
757 757 758
758 758 759
759 759 760
760 760 761
761 761 762
762 762 763
763 763 764
764 764 765
765 765 766
766 766 767
767 767 768
768 768 769
769 769 770
770 770 771
771 771 772
772 772 773
773 773 774
774 774 775
775 775 776
776 776 777
777 777 778
778 778 779
779 779 780
780 780 781
781 781 782
782 782 783
783 783 784
784 784 785
785 785 786
786 786 787
787 787 788
788 788 789
789 789 790
790 790 791
791 791 792
792 792 793
793 793 794
794 794 795
795 795 796
796 796 797
797 797 798
798 798 799
799 799 800
800 800 801
801 801 802
802 802 803
803 803 804
804 804 805
805 805 806
806 806 807
807 807 808
808 808 809
809 809 810
810 810 811
811 811 812
812 812 813
813 813 814
814 814 815
815 815 816
816 816 817
817 817 818
818 818 819
819 819 820
820 820 821
821 821 822
822 822 823
823 823 824
824 824 825
825 825 826
826 826 827
827 827 828
828 828 829
829 829 830
830 830 831
831 831 832
832 832 833
833 833 834
834 834 835
835 835 836
836 836 837
837 837 838
838 838 839
839 839 840
840 840 841
841 841 842
842 842 843
843 843 844
844 844 845
845 845 846
846 846 847
847 847 848
848 848 849
849 849 850
850 850 851
851 851 852
852 852 853
853 853 854
854 854 855
855 855 856
856 856 857
857 857 858
858 858 859
859 859 860
860 860 861
861 861 862
862 862 863
863 863 864
864 864 865
865 865 866
866 866 867
867 867 868
868 868 869
869 869 870
870 870 871
871 871 872
872 872 873
873 873 874
874 874 875
875 875 876
876 876 877
877 877 878
878 878 879
879 879 880
880 880 881
881 881 882
882 882 883
883 883 884
884 884 885
885 885 886
886 886 887
887 887 888
888 888 889
889 889 890
890 890 891
891 891 892
892 892 893
893 893 894
894 894 895
895 895 896
896 896 897
897 897 898
898 898 899
899 899 900
900 900 901
901 901 902
902 902 903
903 903 904
904 904 905
905 905 906
906 906 907
907 907 908
908 908 909
909 909 910
910 910 911
911 911 912
912 912 913
913 913 914
914 914 915
915 915 916
916 916 917
917 917 918
918 918 919
919 919 920
920 920 921
921 921 922
922 922 923
923 923 924
924 924 925
925 925 926
926 926 927
927 927 928
928 928 929
929 929 930
930 930 931
931 931 932
932 932 933
933 933 934
934 934 935
935 935 936
936 936 937
937 937 938
938 938 939
939 939 940
940 940 941
941 941 942
942 942 943
943 943 944
944 944 945
945 945 946
946 946 947
947 947 948
948 948 949
949 949 950
950 950 951
951 951 952
952 952 953
953 953 954
954 954 955
955 955 956
956 956 957
957 957 958
958 958 959
959 959 960
960 960 961
961 961 962
962 962 963
963 963 964
964 964 965
965 965 966
966 966 967
967 967 968
968 968 969
969 969 970
970 970 971
971 971 972
972 972 973
973 973 974
974 974 975
975 975 976
976 976 977
977 977 978
978 978 979
979 979 980
980 980 981
981 981 982
982 982 983
983 983 984
984 984 985
985 985 986
986 986 987
987 987 988
988 988 989
989 989 990
990 990 991
991 991 992
992 992 993
993 993 994
994 994 995
995 995 996
996 996 997
997 997 998
998 998 999
999 999 1000
1000 1000 1001
1001 1001 1002
1002 1002 1003
1003 1003 1004
1004 1004 1005
1005 1005 1006
1006 1006 1007
1007 1007 1008
1008 1008 1009
1009 1009 1010
1010 1010 1011
1011 1011 1012
1012 1012 1013
1013 1013 1014
1014 1014 1015
1015 1015 1016
1016 1016 1017
1017 1017 1018
1018 1018 1019
1019 1019 1020
1020 1020 1021
1021 1021 1022
1022 1022 1023
1023 1023 1024
1024 1024 1025
1025 1025 1026
1026 1026 1027
1027 1027 1028
1028 1028 1029
1029 1029 1030
1030 1030 1031
1031 1031 1032
1032 1032 1033
1033 1033 1034
1034 1034 1035
1035 1035 1036
1036 1036 1037
1037 1037 1038
1038 1038 1039
1039 1039 1040
1040 1040 1041
1041 1041 1042
1042 1042 1043
1043 1043 1044
1044 1044 1045
1045 1045 1046
1046 1046 1047
1047 1047 1048
1048 1048 1049
1049 1049 1050
1050 1050 1051
1051 1051 1052
1052 1052 1053
1053 1053 1054
1054 1054 1055
1055 1055 1056
1056 1056 1057
1057 1057 1058
1058 1058 1059
1059 1059 1060
1060 1060 1061
1061 1061 1062
1062 1062 1063
1063 1063 1064
1064 1064 1065
1065 1065 1066
1066 1066 1067
1067 1067 1068
1068 1068 1069
1069 1069 1070
1070 1070 1071
1071 1071 1072
1072 1072 1073
1073 1073 1074
1074 1074 1075
1075 1075 1076
1076 1076 1077
1077 1077 1078
1078 1078 1079
1079 1079 1080
1080 1080 1081
1081 1081 1082
1082 1082 1083
1083 1083 1084
1084 1084 1085
1085 1085 1086
1086 1086 1087
1087 1087 1088
1088 1088 1089
1089 1089 1090
1090 1090 1091
1091 1091 1092
1092 1092 1093
1093 1093 1094
1094 1094 1095
1095 1095 1096
1096 1096 1097
1097 1097 1098
1098 1098 1099
1099 1099 1100
1100 1100 1101
1101 1101 1102
1102 1102 1103
1103 1103 1104
1104 1104 1105
1105 1105 1106
1106 1106 1107
1107 1107 1108
1108 1108 1109
1109 1109 1110
1110 1110 1111
1111 1111 1112
1112 1112 1113
1113 1113 1114
1114 1114 1115
1115 1115 1116
1116 1116 1117
1117 1117 1118
1118 1118 1119
1119 1119 1120
1120 1120 1121
1121 1121 1122
1122 1122 1123
1123 1123 1124
1124 1124 1125
1125 1125 1126
1126 1126 1127
1127 1127 1128
1128 1128 1129
1129 1129 1130
1130 1130 1131
1131 1131 1132
1132 1132 1133
1133 1133 1134
1134 1134 1135
1135 1135 1136
1136 1136 1137
1137 1137 1138
1138 1138 1139
1139 1139 1140
1140 1140 1141
1141 1141 1142
1142 1142 1143
1143 1143 1144
1144 1144 1145
1145 1145 1146
1146 1146 1147
1147 1147 1148
1148 1148 1149
1149 1149 1150
1150 1150 1151
1151 1151 1152
1152 1152 1153
1153 1153 1154
1154 1154 1155
1155 1155 1156
1156 1156 1157
1157 1157 1158
1158 1158 1159
1159 1159 1160
1160 1160 1161
1161 1161 1162
1162 1162 1163
1163 1163 1164
1164 1164 1165
1165 1165 1166
1166 1166 1167
1167 1167 1168
1168 1168 1169
1169 1169 1170
1170 1170 1171
1171 1171 1172
1172 1172 1173
1173 1173 1174
1174 1174 1175
1175 1175 1176
1176 1176 1177
1177 1177 1178
1178 1178 1179
1179 1179 1180
1180 1180 1181
1181 1181 1182
1182 1182 1183
1183 1183 1184
1184 1184 1185
1185 1185 1186
1186 1186 1187
1187 1187 1188
1188 1188 1189
1189 1189 1190
1190 1190 1191
1191 1191 1192
1192 1192 1193
1193 1193 1194
1194 1194 1195
1195 1195 1196
1196 1196 1197
1197 1197 1198
1198 1198 1199
1199 1199 1200
1200 1200 1201
1201 1201 1202
1202 1202 1203
1203 1203 1204
1204 1204 1205
1205 1205 1206
1206 1206 1207
1207 1207 1208
1208 1208 1209
1209 1209 1210
1210 1210 1211
1211 1211 1212
1212 1212 1213
1213 1213 1214
1214 1214 1215
1215 1215 1216
1216 1216 1217
1217 1217 1218
1218 1218 1219
1219 1219 1220
1220 1220 1221
1221 1221 1222
1222 1222 1223
1223 1223 1224
1224 1224 1225
1225 1225 1226
1226 1226 1227
1227 1227 1228
1228 1228 1229
1229 1229 1230
1230 1230 1231
1231 1231 1232
1232 1232 1233
1233 1233 1234
1234 1234 1235
1235 1235 1236
1236 1236 1237
1237 1237 1238
1238 1238 1239
1239 1239 1240
1240 1240 1241
1241 1241 1242
1242 1242 1243
1243 1243 1244
1244 1244 1245
1245 1245 1246
1246 1246 1247
1247 1247 1248
1248 1248 1249
1249 1249 1250
1250 1250 1251
1251 1251 1252
1252 1252 1253
1253 1253 1254
1254 1254 1255
1255 1255 1256
1256 1256 1257
1257 1257 1258
1258 1258 1259
1259 1259 1260
1260 1260 1
