surf file from Luca Mazzotta

1260 points
1260 lines

Points

1 2e-05 0
2 1.80396571934088e-05 9.63054665560614e-08
3 1.60981935596774e-05 3.84294391935394e-07
4 1.41943064549108e-05 8.61193285355824e-07
5 1.23463313526982e-05 1.52240934977427e-06
6 1.057206526348e-05 2.3615747130329e-06
7 8.88859533960796e-06 3.3706077539491e-06
8 7.31213431672708e-06 4.53979093274527e-06
9 5.85786437626905e-06 5.85786437626905e-06
10 4.53979093274526e-06 7.3121343167271e-06
11 3.37060775394909e-06 8.88859533960796e-06
12 2.3615747130329e-06 1.057206526348e-05
13 1.52240934977426e-06 1.23463313526982e-05
14 8.61193285355821e-07 1.41943064549108e-05
15 3.84294391935391e-07 1.60981935596774e-05
16 9.63054665560614e-08 1.80396571934088e-05
17 0 2e-05
18 0 0.000120200668896321
19 0 0.000220401337792642
20 0 0.000320602006688963
21 0 0.000420802675585284
22 0 0.000521003344481605
23 0 0.000621204013377926
24 0 0.000721404682274248
25 0 0.000821605351170569
26 0 0.00092180602006689
27 0 0.00102200668896321
28 0 0.00112220735785953
29 0 0.00122240802675585
30 0 0.00132260869565217
31 0 0.0014228093645485
32 0 0.00152301003344482
33 0 0.00162321070234114
34 0 0.00172341137123746
35 0 0.00182361204013378
36 0 0.0019238127090301
37 0 0.00202401337792642
38 0 0.00212421404682274
39 0 0.00222441471571906
40 0 0.00232461538461538
41 0 0.00242481605351171
42 0 0.00252501672240803
43 0 0.00262521739130435
44 0 0.00272541806020067
45 0 0.00282561872909699
46 0 0.00292581939799331
47 0 0.00302602006688963
48 0 0.00312622073578595
49 0 0.00322642140468227
50 0 0.0033266220735786
51 0 0.00342682274247492
52 0 0.00352702341137124
53 0 0.00362722408026756
54 0 0.00372742474916388
55 0 0.0038276254180602
56 0 0.00392782608695652
57 0 0.00402802675585284
58 0 0.00412822742474916
59 0 0.00422842809364549
60 0 0.00432862876254181
61 0 0.00442882943143813
62 0 0.00452903010033445
63 0 0.00462923076923077
64 0 0.00472943143812709
65 0 0.00482963210702341
66 0 0.00492983277591973
67 0 0.00503003344481605
68 0 0.00513023411371237
69 0 0.0052304347826087
70 0 0.00533063545150502
71 0 0.00543083612040134
72 0 0.00553103678929766
73 0 0.00563123745819398
74 0 0.0057314381270903
75 0 0.00583163879598662
76 0 0.00593183946488294
77 0 0.00603204013377926
78 0 0.00613224080267559
79 0 0.00623244147157191
80 0 0.00633264214046823
81 0 0.00643284280936455
82 0 0.00653304347826087
83 0 0.00663324414715719
84 0 0.00673344481605351
85 0 0.00683364548494983
86 0 0.00693384615384615
87 0 0.00703404682274248
88 0 0.0071342474916388
89 0 0.00723444816053512
90 0 0.00733464882943144
91 0 0.00743484949832776
92 0 0.00753505016722408
93 0 0.0076352508361204
94 0 0.00773545150501672
95 0 0.00783565217391304
96 0 0.00793585284280936
97 0 0.00803605351170568
98 0 0.00813625418060201
99 0 0.00823645484949833
100 0 0.00833665551839465
101 0 0.00843685618729097
102 0 0.00853705685618729
103 0 0.00863725752508361
104 0 0.00873745819397993
105 0 0.00883765886287625
106 0 0.00893785953177258
107 0 0.0090380602006689
108 0 0.00913826086956522
109 0 0.00923846153846154
110 0 0.00933866220735786
111 0 0.00943886287625418
112 0 0.0095390635451505
113 0 0.00963926421404682
114 0 0.00973946488294314
115 0 0.00983966555183946
116 0 0.00993986622073579
117 0 0.0100400668896321
118 0 0.0101402675585284
119 0 0.0102404682274247
120 0 0.0103406688963211
121 0 0.0104408695652174
122 0 0.0105410702341137
123 0 0.01064127090301
124 0 0.0107414715719064
125 0 0.0108416722408027
126 0 0.010941872909699
127 0 0.0110420735785953
128 0 0.0111422742474916
129 0 0.011242474916388
130 0 0.0113426755852843
131 0 0.0114428762541806
132 0 0.0115430769230769
133 0 0.0116432775919732
134 0 0.0117434782608696
135 0 0.0118436789297659
136 0 0.0119438795986622
137 0 0.0120440802675585
138 0 0.0121442809364548
139 0 0.0122444816053512
140 0 0.0123446822742475
141 0 0.0124448829431438
142 0 0.0125450836120401
143 0 0.0126452842809365
144 0 0.0127454849498328
145 0 0.0128456856187291
146 0 0.0129458862876254
147 0 0.0130460869565217
148 0 0.0131462876254181
149 0 0.0132464882943144
150 0 0.0133466889632107
151 0 0.013446889632107
152 0 0.0135470903010033
153 0 0.0136472909698997
154 0 0.013747491638796
155 0 0.0138476923076923
156 0 0.0139478929765886
157 0 0.0140480936454849
158 0 0.0141482943143813
159 0 0.0142484949832776
160 0 0.0143486956521739
161 0 0.0144488963210702
162 0 0.0145490969899666
163 0 0.0146492976588629
164 0 0.0147494983277592
165 0 0.0148496989966555
166 0 0.0149498996655518
167 0 0.0150501003344482
168 0 0.0151503010033445
169 0 0.0152505016722408
170 0 0.0153507023411371
171 0 0.0154509030100334
172 0 0.0155511036789298
173 0 0.0156513043478261
174 0 0.0157515050167224
175 0 0.0158517056856187
176 0 0.015951906354515
177 0 0.0160521070234114
178 0 0.0161523076923077
179 0 0.016252508361204
180 0 0.0163527090301003
181 0 0.0164529096989967
182 0 0.016553110367893
183 0 0.0166533110367893
184 0 0.0167535117056856
185 0 0.0168537123745819
186 0 0.0169539130434783
187 0 0.0170541137123746
188 0 0.0171543143812709
189 0 0.0172545150501672
190 0 0.0173547157190635
191 0 0.0174549163879599
192 0 0.0175551170568562
193 0 0.0176553177257525
194 0 0.0177555183946488
195 0 0.0178557190635452
196 0 0.0179559197324415
197 0 0.0180561204013378
198 0 0.0181563210702341
199 0 0.0182565217391304
200 0 0.0183567224080268
201 0 0.0184569230769231
202 0 0.0185571237458194
203 0 0.0186573244147157
204 0 0.018757525083612
205 0 0.0188577257525084
206 0 0.0189579264214047
207 0 0.019058127090301
208 0 0.0191583277591973
209 0 0.0192585284280936
210 0 0.01935872909699
211 0 0.0194589297658863
212 0 0.0195591304347826
213 0 0.0196593311036789
214 0 0.0197595317725753
215 0 0.0198597324414716
216 0 0.0199599331103679
217 0 0.0200601337792642
218 0 0.0201603344481605
219 0 0.0202605351170569
220 0 0.0203607357859532
221 0 0.0204609364548495
222 0 0.0205611371237458
223 0 0.0206613377926421
224 0 0.0207615384615385
225 0 0.0208617391304348
226 0 0.0209619397993311
227 0 0.0210621404682274
228 0 0.0211623411371237
229 0 0.0212625418060201
230 0 0.0213627424749164
231 0 0.0214629431438127
232 0 0.021563143812709
233 0 0.0216633444816054
234 0 0.0217635451505017
235 0 0.021863745819398
236 0 0.0219639464882943
237 0 0.0220641471571906
238 0 0.022164347826087
239 0 0.0222645484949833
240 0 0.0223647491638796
241 0 0.0224649498327759
242 0 0.0225651505016722
243 0 0.0226653511705686
244 0 0.0227655518394649
245 0 0.0228657525083612
246 0 0.0229659531772575
247 0 0.0230661538461538
248 0 0.0231663545150502
249 0 0.0232665551839465
250 0 0.0233667558528428
251 0 0.0234669565217391
252 0 0.0235671571906355
253 0 0.0236673578595318
254 0 0.0237675585284281
255 0 0.0238677591973244
256 0 0.0239679598662207
257 0 0.0240681605351171
258 0 0.0241683612040134
259 0 0.0242685618729097
260 0 0.024368762541806
261 0 0.0244689632107023
262 0 0.0245691638795987
263 0 0.024669364548495
264 0 0.0247695652173913
265 0 0.0248697658862876
266 0 0.0249699665551839
267 0 0.0250701672240803
268 0 0.0251703678929766
269 0 0.0252705685618729
270 0 0.0253707692307692
271 0 0.0254709698996655
272 0 0.0255711705685619
273 0 0.0256713712374582
274 0 0.0257715719063545
275 0 0.0258717725752508
276 0 0.0259719732441472
277 0 0.0260721739130435
278 0 0.0261723745819398
279 0 0.0262725752508361
280 0 0.0263727759197324
281 0 0.0264729765886288
282 0 0.0265731772575251
283 0 0.0266733779264214
284 0 0.0267735785953177
285 0 0.026873779264214
286 0 0.0269739799331104
287 0 0.0270741806020067
288 0 0.027174381270903
289 0 0.0272745819397993
290 0 0.0273747826086957
291 0 0.027474983277592
292 0 0.0275751839464883
293 0 0.0276753846153846
294 0 0.0277755852842809
295 0 0.0278757859531773
296 0 0.0279759866220736
297 0 0.0280761872909699
298 0 0.0281763879598662
299 0 0.0282765886287625
300 0 0.0283767892976589
301 0 0.0284769899665552
302 0 0.0285771906354515
303 0 0.0286773913043478
304 0 0.0287775919732441
305 0 0.0288777926421405
306 0 0.0289779933110368
307 0 0.0290781939799331
308 0 0.0291783946488294
309 0 0.0292785953177257
310 0 0.0293787959866221
311 0 0.0294789966555184
312 0 0.0295791973244147
313 0 0.029679397993311
314 0 0.0297795986622074
315 0 0.0298797993311037
316 0 0.02998
317 9.63054665560637e-08 0.0299819603428066
318 3.84294391935391e-07 0.0299839018064403
319 8.61193285355824e-07 0.0299858056935451
320 1.52240934977427e-06 0.0299876536686473
321 2.3615747130329e-06 0.0299894279347365
322 3.37060775394909e-06 0.0299911114046604
323 4.53979093274526e-06 0.0299926878656833
324 5.85786437626905e-06 0.0299941421356237
325 7.31213431672709e-06 0.0299954602090673
326 8.88859533960796e-06 0.0299966293922461
327 1.057206526348e-05 0.029997638425287
328 1.23463313526982e-05 0.0299984775906502
329 1.41943064549108e-05 0.0299991388067146
330 1.60981935596774e-05 0.0299996157056081
331 1.80396571934088e-05 0.0299999036945334
332 2e-05 0.03
333 0.000120200668896321 0.03
334 0.000220401337792642 0.03
335 0.000320602006688963 0.03
336 0.000420802675585284 0.03
337 0.000521003344481605 0.03
338 0.000621204013377926 0.03
339 0.000721404682274248 0.03
340 0.000821605351170569 0.03
341 0.00092180602006689 0.03
342 0.00102200668896321 0.03
343 0.00112220735785953 0.03
344 0.00122240802675585 0.03
345 0.00132260869565217 0.03
346 0.0014228093645485 0.03
347 0.00152301003344482 0.03
348 0.00162321070234114 0.03
349 0.00172341137123746 0.03
350 0.00182361204013378 0.03
351 0.0019238127090301 0.03
352 0.00202401337792642 0.03
353 0.00212421404682274 0.03
354 0.00222441471571906 0.03
355 0.00232461538461538 0.03
356 0.00242481605351171 0.03
357 0.00252501672240803 0.03
358 0.00262521739130435 0.03
359 0.00272541806020067 0.03
360 0.00282561872909699 0.03
361 0.00292581939799331 0.03
362 0.00302602006688963 0.03
363 0.00312622073578595 0.03
364 0.00322642140468227 0.03
365 0.0033266220735786 0.03
366 0.00342682274247492 0.03
367 0.00352702341137124 0.03
368 0.00362722408026756 0.03
369 0.00372742474916388 0.03
370 0.0038276254180602 0.03
371 0.00392782608695652 0.03
372 0.00402802675585284 0.03
373 0.00412822742474916 0.03
374 0.00422842809364549 0.03
375 0.00432862876254181 0.03
376 0.00442882943143813 0.03
377 0.00452903010033445 0.03
378 0.00462923076923077 0.03
379 0.00472943143812709 0.03
380 0.00482963210702341 0.03
381 0.00492983277591973 0.03
382 0.00503003344481605 0.03
383 0.00513023411371237 0.03
384 0.0052304347826087 0.03
385 0.00533063545150502 0.03
386 0.00543083612040134 0.03
387 0.00553103678929766 0.03
388 0.00563123745819398 0.03
389 0.0057314381270903 0.03
390 0.00583163879598662 0.03
391 0.00593183946488294 0.03
392 0.00603204013377926 0.03
393 0.00613224080267559 0.03
394 0.00623244147157191 0.03
395 0.00633264214046823 0.03
396 0.00643284280936455 0.03
397 0.00653304347826087 0.03
398 0.00663324414715719 0.03
399 0.00673344481605351 0.03
400 0.00683364548494983 0.03
401 0.00693384615384615 0.03
402 0.00703404682274248 0.03
403 0.0071342474916388 0.03
404 0.00723444816053512 0.03
405 0.00733464882943144 0.03
406 0.00743484949832776 0.03
407 0.00753505016722408 0.03
408 0.0076352508361204 0.03
409 0.00773545150501672 0.03
410 0.00783565217391304 0.03
411 0.00793585284280936 0.03
412 0.00803605351170568 0.03
413 0.00813625418060201 0.03
414 0.00823645484949833 0.03
415 0.00833665551839465 0.03
416 0.00843685618729097 0.03
417 0.00853705685618729 0.03
418 0.00863725752508361 0.03
419 0.00873745819397993 0.03
420 0.00883765886287625 0.03
421 0.00893785953177258 0.03
422 0.0090380602006689 0.03
423 0.00913826086956522 0.03
424 0.00923846153846154 0.03
425 0.00933866220735786 0.03
426 0.00943886287625418 0.03
427 0.0095390635451505 0.03
428 0.00963926421404682 0.03
429 0.00973946488294314 0.03
430 0.00983966555183946 0.03
431 0.00993986622073579 0.03
432 0.0100400668896321 0.03
433 0.0101402675585284 0.03
434 0.0102404682274247 0.03
435 0.0103406688963211 0.03
436 0.0104408695652174 0.03
437 0.0105410702341137 0.03
438 0.01064127090301 0.03
439 0.0107414715719064 0.03
440 0.0108416722408027 0.03
441 0.010941872909699 0.03
442 0.0110420735785953 0.03
443 0.0111422742474916 0.03
444 0.011242474916388 0.03
445 0.0113426755852843 0.03
446 0.0114428762541806 0.03
447 0.0115430769230769 0.03
448 0.0116432775919732 0.03
449 0.0117434782608696 0.03
450 0.0118436789297659 0.03
451 0.0119438795986622 0.03
452 0.0120440802675585 0.03
453 0.0121442809364548 0.03
454 0.0122444816053512 0.03
455 0.0123446822742475 0.03
456 0.0124448829431438 0.03
457 0.0125450836120401 0.03
458 0.0126452842809365 0.03
459 0.0127454849498328 0.03
460 0.0128456856187291 0.03
461 0.0129458862876254 0.03
462 0.0130460869565217 0.03
463 0.0131462876254181 0.03
464 0.0132464882943144 0.03
465 0.0133466889632107 0.03
466 0.013446889632107 0.03
467 0.0135470903010033 0.03
468 0.0136472909698997 0.03
469 0.013747491638796 0.03
470 0.0138476923076923 0.03
471 0.0139478929765886 0.03
472 0.0140480936454849 0.03
473 0.0141482943143813 0.03
474 0.0142484949832776 0.03
475 0.0143486956521739 0.03
476 0.0144488963210702 0.03
477 0.0145490969899666 0.03
478 0.0146492976588629 0.03
479 0.0147494983277592 0.03
480 0.0148496989966555 0.03
481 0.0149498996655518 0.03
482 0.0150501003344482 0.03
483 0.0151503010033445 0.03
484 0.0152505016722408 0.03
485 0.0153507023411371 0.03
486 0.0154509030100334 0.03
487 0.0155511036789298 0.03
488 0.0156513043478261 0.03
489 0.0157515050167224 0.03
490 0.0158517056856187 0.03
491 0.015951906354515 0.03
492 0.0160521070234114 0.03
493 0.0161523076923077 0.03
494 0.016252508361204 0.03
495 0.0163527090301003 0.03
496 0.0164529096989967 0.03
497 0.016553110367893 0.03
498 0.0166533110367893 0.03
499 0.0167535117056856 0.03
500 0.0168537123745819 0.03
501 0.0169539130434783 0.03
502 0.0170541137123746 0.03
503 0.0171543143812709 0.03
504 0.0172545150501672 0.03
505 0.0173547157190635 0.03
506 0.0174549163879599 0.03
507 0.0175551170568562 0.03
508 0.0176553177257525 0.03
509 0.0177555183946488 0.03
510 0.0178557190635452 0.03
511 0.0179559197324415 0.03
512 0.0180561204013378 0.03
513 0.0181563210702341 0.03
514 0.0182565217391304 0.03
515 0.0183567224080268 0.03
516 0.0184569230769231 0.03
517 0.0185571237458194 0.03
518 0.0186573244147157 0.03
519 0.018757525083612 0.03
520 0.0188577257525084 0.03
521 0.0189579264214047 0.03
522 0.019058127090301 0.03
523 0.0191583277591973 0.03
524 0.0192585284280936 0.03
525 0.01935872909699 0.03
526 0.0194589297658863 0.03
527 0.0195591304347826 0.03
528 0.0196593311036789 0.03
529 0.0197595317725753 0.03
530 0.0198597324414716 0.03
531 0.0199599331103679 0.03
532 0.0200601337792642 0.03
533 0.0201603344481605 0.03
534 0.0202605351170569 0.03
535 0.0203607357859532 0.03
536 0.0204609364548495 0.03
537 0.0205611371237458 0.03
538 0.0206613377926421 0.03
539 0.0207615384615385 0.03
540 0.0208617391304348 0.03
541 0.0209619397993311 0.03
542 0.0210621404682274 0.03
543 0.0211623411371237 0.03
544 0.0212625418060201 0.03
545 0.0213627424749164 0.03
546 0.0214629431438127 0.03
547 0.021563143812709 0.03
548 0.0216633444816054 0.03
549 0.0217635451505017 0.03
550 0.021863745819398 0.03
551 0.0219639464882943 0.03
552 0.0220641471571906 0.03
553 0.022164347826087 0.03
554 0.0222645484949833 0.03
555 0.0223647491638796 0.03
556 0.0224649498327759 0.03
557 0.0225651505016722 0.03
558 0.0226653511705686 0.03
559 0.0227655518394649 0.03
560 0.0228657525083612 0.03
561 0.0229659531772575 0.03
562 0.0230661538461538 0.03
563 0.0231663545150502 0.03
564 0.0232665551839465 0.03
565 0.0233667558528428 0.03
566 0.0234669565217391 0.03
567 0.0235671571906355 0.03
568 0.0236673578595318 0.03
569 0.0237675585284281 0.03
570 0.0238677591973244 0.03
571 0.0239679598662207 0.03
572 0.0240681605351171 0.03
573 0.0241683612040134 0.03
574 0.0242685618729097 0.03
575 0.024368762541806 0.03
576 0.0244689632107023 0.03
577 0.0245691638795987 0.03
578 0.024669364548495 0.03
579 0.0247695652173913 0.03
580 0.0248697658862876 0.03
581 0.0249699665551839 0.03
582 0.0250701672240803 0.03
583 0.0251703678929766 0.03
584 0.0252705685618729 0.03
585 0.0253707692307692 0.03
586 0.0254709698996655 0.03
587 0.0255711705685619 0.03
588 0.0256713712374582 0.03
589 0.0257715719063545 0.03
590 0.0258717725752508 0.03
591 0.0259719732441472 0.03
592 0.0260721739130435 0.03
593 0.0261723745819398 0.03
594 0.0262725752508361 0.03
595 0.0263727759197324 0.03
596 0.0264729765886288 0.03
597 0.0265731772575251 0.03
598 0.0266733779264214 0.03
599 0.0267735785953177 0.03
600 0.026873779264214 0.03
601 0.0269739799331104 0.03
602 0.0270741806020067 0.03
603 0.027174381270903 0.03
604 0.0272745819397993 0.03
605 0.0273747826086957 0.03
606 0.027474983277592 0.03
607 0.0275751839464883 0.03
608 0.0276753846153846 0.03
609 0.0277755852842809 0.03
610 0.0278757859531773 0.03
611 0.0279759866220736 0.03
612 0.0280761872909699 0.03
613 0.0281763879598662 0.03
614 0.0282765886287625 0.03
615 0.0283767892976589 0.03
616 0.0284769899665552 0.03
617 0.0285771906354515 0.03
618 0.0286773913043478 0.03
619 0.0287775919732441 0.03
620 0.0288777926421405 0.03
621 0.0289779933110368 0.03
622 0.0290781939799331 0.03
623 0.0291783946488294 0.03
624 0.0292785953177257 0.03
625 0.0293787959866221 0.03
626 0.0294789966555184 0.03
627 0.0295791973244147 0.03
628 0.029679397993311 0.03
629 0.0297795986622074 0.03
630 0.0298797993311037 0.03
631 0.02998 0.03
632 0.0299819603428066 0.0299999036945334
633 0.0299839018064403 0.0299996157056081
634 0.0299858056935451 0.0299991388067146
635 0.0299876536686473 0.0299984775906502
636 0.0299894279347365 0.029997638425287
637 0.0299911114046604 0.0299966293922461
638 0.0299926878656833 0.0299954602090673
639 0.0299941421356237 0.0299941421356237
640 0.0299954602090673 0.0299926878656833
641 0.0299966293922461 0.0299911114046604
642 0.029997638425287 0.0299894279347365
643 0.0299984775906502 0.0299876536686473
644 0.0299991388067146 0.0299858056935451
645 0.0299996157056081 0.0299839018064403
646 0.0299999036945334 0.0299819603428066
647 0.03 0.02998
648 0.03 0.0298797993311037
649 0.03 0.0297795986622074
650 0.03 0.029679397993311
651 0.03 0.0295791973244147
652 0.03 0.0294789966555184
653 0.03 0.0293787959866221
654 0.03 0.0292785953177257
655 0.03 0.0291783946488294
656 0.03 0.0290781939799331
657 0.03 0.0289779933110368
658 0.03 0.0288777926421405
659 0.03 0.0287775919732441
660 0.03 0.0286773913043478
661 0.03 0.0285771906354515
662 0.03 0.0284769899665552
663 0.03 0.0283767892976589
664 0.03 0.0282765886287625
665 0.03 0.0281763879598662
666 0.03 0.0280761872909699
667 0.03 0.0279759866220736
668 0.03 0.0278757859531773
669 0.03 0.0277755852842809
670 0.03 0.0276753846153846
671 0.03 0.0275751839464883
672 0.03 0.027474983277592
673 0.03 0.0273747826086957
674 0.03 0.0272745819397993
675 0.03 0.027174381270903
676 0.03 0.0270741806020067
677 0.03 0.0269739799331104
678 0.03 0.026873779264214
679 0.03 0.0267735785953177
680 0.03 0.0266733779264214
681 0.03 0.0265731772575251
682 0.03 0.0264729765886288
683 0.03 0.0263727759197324
684 0.03 0.0262725752508361
685 0.03 0.0261723745819398
686 0.03 0.0260721739130435
687 0.03 0.0259719732441472
688 0.03 0.0258717725752508
689 0.03 0.0257715719063545
690 0.03 0.0256713712374582
691 0.03 0.0255711705685619
692 0.03 0.0254709698996655
693 0.03 0.0253707692307692
694 0.03 0.0252705685618729
695 0.03 0.0251703678929766
696 0.03 0.0250701672240803
697 0.03 0.0249699665551839
698 0.03 0.0248697658862876
699 0.03 0.0247695652173913
700 0.03 0.024669364548495
701 0.03 0.0245691638795987
702 0.03 0.0244689632107023
703 0.03 0.024368762541806
704 0.03 0.0242685618729097
705 0.03 0.0241683612040134
706 0.03 0.0240681605351171
707 0.03 0.0239679598662207
708 0.03 0.0238677591973244
709 0.03 0.0237675585284281
710 0.03 0.0236673578595318
711 0.03 0.0235671571906355
712 0.03 0.0234669565217391
713 0.03 0.0233667558528428
714 0.03 0.0232665551839465
715 0.03 0.0231663545150502
716 0.03 0.0230661538461538
717 0.03 0.0229659531772575
718 0.03 0.0228657525083612
719 0.03 0.0227655518394649
720 0.03 0.0226653511705686
721 0.03 0.0225651505016722
722 0.03 0.0224649498327759
723 0.03 0.0223647491638796
724 0.03 0.0222645484949833
725 0.03 0.022164347826087
726 0.03 0.0220641471571906
727 0.03 0.0219639464882943
728 0.03 0.021863745819398
729 0.03 0.0217635451505017
730 0.03 0.0216633444816054
731 0.03 0.021563143812709
732 0.03 0.0214629431438127
733 0.03 0.0213627424749164
734 0.03 0.0212625418060201
735 0.03 0.0211623411371237
736 0.03 0.0210621404682274
737 0.03 0.0209619397993311
738 0.03 0.0208617391304348
739 0.03 0.0207615384615385
740 0.03 0.0206613377926421
741 0.03 0.0205611371237458
742 0.03 0.0204609364548495
743 0.03 0.0203607357859532
744 0.03 0.0202605351170569
745 0.03 0.0201603344481605
746 0.03 0.0200601337792642
747 0.03 0.0199599331103679
748 0.03 0.0198597324414716
749 0.03 0.0197595317725753
750 0.03 0.0196593311036789
751 0.03 0.0195591304347826
752 0.03 0.0194589297658863
753 0.03 0.01935872909699
754 0.03 0.0192585284280936
755 0.03 0.0191583277591973
756 0.03 0.019058127090301
757 0.03 0.0189579264214047
758 0.03 0.0188577257525084
759 0.03 0.018757525083612
760 0.03 0.0186573244147157
761 0.03 0.0185571237458194
762 0.03 0.0184569230769231
763 0.03 0.0183567224080268
764 0.03 0.0182565217391304
765 0.03 0.0181563210702341
766 0.03 0.0180561204013378
767 0.03 0.0179559197324415
768 0.03 0.0178557190635452
769 0.03 0.0177555183946488
770 0.03 0.0176553177257525
771 0.03 0.0175551170568562
772 0.03 0.0174549163879599
773 0.03 0.0173547157190635
774 0.03 0.0172545150501672
775 0.03 0.0171543143812709
776 0.03 0.0170541137123746
777 0.03 0.0169539130434783
778 0.03 0.0168537123745819
779 0.03 0.0167535117056856
780 0.03 0.0166533110367893
781 0.03 0.016553110367893
782 0.03 0.0164529096989967
783 0.03 0.0163527090301003
784 0.03 0.016252508361204
785 0.03 0.0161523076923077
786 0.03 0.0160521070234114
787 0.03 0.015951906354515
788 0.03 0.0158517056856187
789 0.03 0.0157515050167224
790 0.03 0.0156513043478261
791 0.03 0.0155511036789298
792 0.03 0.0154509030100334
793 0.03 0.0153507023411371
794 0.03 0.0152505016722408
795 0.03 0.0151503010033445
796 0.03 0.0150501003344482
797 0.03 0.0149498996655518
798 0.03 0.0148496989966555
799 0.03 0.0147494983277592
800 0.03 0.0146492976588629
801 0.03 0.0145490969899666
802 0.03 0.0144488963210702
803 0.03 0.0143486956521739
804 0.03 0.0142484949832776
805 0.03 0.0141482943143813
806 0.03 0.0140480936454849
807 0.03 0.0139478929765886
808 0.03 0.0138476923076923
809 0.03 0.013747491638796
810 0.03 0.0136472909698997
811 0.03 0.0135470903010033
812 0.03 0.013446889632107
813 0.03 0.0133466889632107
814 0.03 0.0132464882943144
815 0.03 0.0131462876254181
816 0.03 0.0130460869565217
817 0.03 0.0129458862876254
818 0.03 0.0128456856187291
819 0.03 0.0127454849498328
820 0.03 0.0126452842809365
821 0.03 0.0125450836120401
822 0.03 0.0124448829431438
823 0.03 0.0123446822742475
824 0.03 0.0122444816053512
825 0.03 0.0121442809364548
826 0.03 0.0120440802675585
827 0.03 0.0119438795986622
828 0.03 0.0118436789297659
829 0.03 0.0117434782608696
830 0.03 0.0116432775919732
831 0.03 0.0115430769230769
832 0.03 0.0114428762541806
833 0.03 0.0113426755852843
834 0.03 0.011242474916388
835 0.03 0.0111422742474916
836 0.03 0.0110420735785953
837 0.03 0.010941872909699
838 0.03 0.0108416722408027
839 0.03 0.0107414715719064
840 0.03 0.01064127090301
841 0.03 0.0105410702341137
842 0.03 0.0104408695652174
843 0.03 0.0103406688963211
844 0.03 0.0102404682274247
845 0.03 0.0101402675585284
846 0.03 0.0100400668896321
847 0.03 0.00993986622073579
848 0.03 0.00983966555183946
849 0.03 0.00973946488294314
850 0.03 0.00963926421404682
851 0.03 0.0095390635451505
852 0.03 0.00943886287625418
853 0.03 0.00933866220735786
854 0.03 0.00923846153846154
855 0.03 0.00913826086956522
856 0.03 0.0090380602006689
857 0.03 0.00893785953177258
858 0.03 0.00883765886287625
859 0.03 0.00873745819397993
860 0.03 0.00863725752508361
861 0.03 0.00853705685618729
862 0.03 0.00843685618729097
863 0.03 0.00833665551839465
864 0.03 0.00823645484949833
865 0.03 0.00813625418060201
866 0.03 0.00803605351170568
867 0.03 0.00793585284280936
868 0.03 0.00783565217391304
869 0.03 0.00773545150501672
870 0.03 0.0076352508361204
871 0.03 0.00753505016722408
872 0.03 0.00743484949832776
873 0.03 0.00733464882943144
874 0.03 0.00723444816053512
875 0.03 0.0071342474916388
876 0.03 0.00703404682274248
877 0.03 0.00693384615384615
878 0.03 0.00683364548494983
879 0.03 0.00673344481605351
880 0.03 0.00663324414715719
881 0.03 0.00653304347826087
882 0.03 0.00643284280936455
883 0.03 0.00633264214046823
884 0.03 0.00623244147157191
885 0.03 0.00613224080267559
886 0.03 0.00603204013377926
887 0.03 0.00593183946488294
888 0.03 0.00583163879598662
889 0.03 0.0057314381270903
890 0.03 0.00563123745819398
891 0.03 0.00553103678929766
892 0.03 0.00543083612040134
893 0.03 0.00533063545150502
894 0.03 0.0052304347826087
895 0.03 0.00513023411371237
896 0.03 0.00503003344481605
897 0.03 0.00492983277591973
898 0.03 0.00482963210702341
899 0.03 0.00472943143812709
900 0.03 0.00462923076923077
901 0.03 0.00452903010033445
902 0.03 0.00442882943143813
903 0.03 0.00432862876254181
904 0.03 0.00422842809364549
905 0.03 0.00412822742474916
906 0.03 0.00402802675585284
907 0.03 0.00392782608695652
908 0.03 0.0038276254180602
909 0.03 0.00372742474916388
910 0.03 0.00362722408026756
911 0.03 0.00352702341137124
912 0.03 0.00342682274247492
913 0.03 0.0033266220735786
914 0.03 0.00322642140468227
915 0.03 0.00312622073578595
916 0.03 0.00302602006688963
917 0.03 0.00292581939799331
918 0.03 0.00282561872909699
919 0.03 0.00272541806020067
920 0.03 0.00262521739130435
921 0.03 0.00252501672240803
922 0.03 0.00242481605351171
923 0.03 0.00232461538461538
924 0.03 0.00222441471571906
925 0.03 0.00212421404682274
926 0.03 0.00202401337792642
927 0.03 0.0019238127090301
928 0.03 0.00182361204013378
929 0.03 0.00172341137123746
930 0.03 0.00162321070234114
931 0.03 0.00152301003344482
932 0.03 0.0014228093645485
933 0.03 0.00132260869565217
934 0.03 0.00122240802675585
935 0.03 0.00112220735785953
936 0.03 0.00102200668896321
937 0.03 0.00092180602006689
938 0.03 0.000821605351170569
939 0.03 0.000721404682274248
940 0.03 0.000621204013377926
941 0.03 0.000521003344481605
942 0.03 0.000420802675585284
943 0.03 0.000320602006688963
944 0.03 0.000220401337792642
945 0.03 0.000120200668896321
946 0.03 2e-05
947 0.0299999036945334 1.80396571934088e-05
948 0.0299996157056081 1.60981935596774e-05
949 0.0299991388067146 1.41943064549108e-05
950 0.0299984775906502 1.23463313526982e-05
951 0.029997638425287 1.057206526348e-05
952 0.0299966293922461 8.88859533960796e-06
953 0.0299954602090673 7.31213431672708e-06
954 0.0299941421356237 5.85786437626905e-06
955 0.0299926878656833 4.53979093274526e-06
956 0.0299911114046604 3.37060775394909e-06
957 0.0299894279347365 2.3615747130329e-06
958 0.0299876536686473 1.52240934977427e-06
959 0.0299858056935451 8.61193285355821e-07
960 0.0299839018064403 3.84294391935391e-07
961 0.0299819603428066 9.63054665560614e-08
962 0.02998 0
963 0.0298797993311037 0
964 0.0297795986622074 0
965 0.029679397993311 0
966 0.0295791973244147 0
967 0.0294789966555184 0
968 0.0293787959866221 0
969 0.0292785953177257 0
970 0.0291783946488294 0
971 0.0290781939799331 0
972 0.0289779933110368 0
973 0.0288777926421405 0
974 0.0287775919732441 0
975 0.0286773913043478 0
976 0.0285771906354515 0
977 0.0284769899665552 0
978 0.0283767892976589 0
979 0.0282765886287625 0
980 0.0281763879598662 0
981 0.0280761872909699 0
982 0.0279759866220736 0
983 0.0278757859531773 0
984 0.0277755852842809 0
985 0.0276753846153846 0
986 0.0275751839464883 0
987 0.027474983277592 0
988 0.0273747826086957 0
989 0.0272745819397993 0
990 0.027174381270903 0
991 0.0270741806020067 0
992 0.0269739799331104 0
993 0.026873779264214 0
994 0.0267735785953177 0
995 0.0266733779264214 0
996 0.0265731772575251 0
997 0.0264729765886288 0
998 0.0263727759197324 0
999 0.0262725752508361 0
1000 0.0261723745819398 0
1001 0.0260721739130435 0
1002 0.0259719732441472 0
1003 0.0258717725752508 0
1004 0.0257715719063545 0
1005 0.0256713712374582 0
1006 0.0255711705685619 0
1007 0.0254709698996655 0
1008 0.0253707692307692 0
1009 0.0252705685618729 0
1010 0.0251703678929766 0
1011 0.0250701672240803 0
1012 0.0249699665551839 0
1013 0.0248697658862876 0
1014 0.0247695652173913 0
1015 0.024669364548495 0
1016 0.0245691638795987 0
1017 0.0244689632107023 0
1018 0.024368762541806 0
1019 0.0242685618729097 0
1020 0.0241683612040134 0
1021 0.0240681605351171 0
1022 0.0239679598662207 0
1023 0.0238677591973244 0
1024 0.0237675585284281 0
1025 0.0236673578595318 0
1026 0.0235671571906355 0
1027 0.0234669565217391 0
1028 0.0233667558528428 0
1029 0.0232665551839465 0
1030 0.0231663545150502 0
1031 0.0230661538461538 0
1032 0.0229659531772575 0
1033 0.0228657525083612 0
1034 0.0227655518394649 0
1035 0.0226653511705686 0
1036 0.0225651505016722 0
1037 0.0224649498327759 0
1038 0.0223647491638796 0
1039 0.0222645484949833 0
1040 0.022164347826087 0
1041 0.0220641471571906 0
1042 0.0219639464882943 0
1043 0.021863745819398 0
1044 0.0217635451505017 0
1045 0.0216633444816054 0
1046 0.021563143812709 0
1047 0.0214629431438127 0
1048 0.0213627424749164 0
1049 0.0212625418060201 0
1050 0.0211623411371237 0
1051 0.0210621404682274 0
1052 0.0209619397993311 0
1053 0.0208617391304348 0
1054 0.0207615384615385 0
1055 0.0206613377926421 0
1056 0.0205611371237458 0
1057 0.0204609364548495 0
1058 0.0203607357859532 0
1059 0.0202605351170569 0
1060 0.0201603344481605 0
1061 0.0200601337792642 0
1062 0.0199599331103679 0
1063 0.0198597324414716 0
1064 0.0197595317725753 0
1065 0.0196593311036789 0
1066 0.0195591304347826 0
1067 0.0194589297658863 0
1068 0.01935872909699 0
1069 0.0192585284280936 0
1070 0.0191583277591973 0
1071 0.019058127090301 0
1072 0.0189579264214047 0
1073 0.0188577257525084 0
1074 0.018757525083612 0
1075 0.0186573244147157 0
1076 0.0185571237458194 0
1077 0.0184569230769231 0
1078 0.0183567224080268 0
1079 0.0182565217391304 0
1080 0.0181563210702341 0
1081 0.0180561204013378 0
1082 0.0179559197324415 0
1083 0.0178557190635452 0
1084 0.0177555183946488 0
1085 0.0176553177257525 0
1086 0.0175551170568562 0
1087 0.0174549163879599 0
1088 0.0173547157190635 0
1089 0.0172545150501672 0
1090 0.0171543143812709 0
1091 0.0170541137123746 0
1092 0.0169539130434783 0
1093 0.0168537123745819 0
1094 0.0167535117056856 0
1095 0.0166533110367893 0
1096 0.016553110367893 0
1097 0.0164529096989967 0
1098 0.0163527090301003 0
1099 0.016252508361204 0
1100 0.0161523076923077 0
1101 0.0160521070234114 0
1102 0.015951906354515 0
1103 0.0158517056856187 0
1104 0.0157515050167224 0
1105 0.0156513043478261 0
1106 0.0155511036789298 0
1107 0.0154509030100334 0
1108 0.0153507023411371 0
1109 0.0152505016722408 0
1110 0.0151503010033445 0
1111 0.0150501003344482 0
1112 0.0149498996655518 0
1113 0.0148496989966555 0
1114 0.0147494983277592 0
1115 0.0146492976588629 0
1116 0.0145490969899666 0
1117 0.0144488963210702 0
1118 0.0143486956521739 0
1119 0.0142484949832776 0
1120 0.0141482943143813 0
1121 0.0140480936454849 0
1122 0.0139478929765886 0
1123 0.0138476923076923 0
1124 0.013747491638796 0
1125 0.0136472909698997 0
1126 0.0135470903010033 0
1127 0.013446889632107 0
1128 0.0133466889632107 0
1129 0.0132464882943144 0
1130 0.0131462876254181 0
1131 0.0130460869565217 0
1132 0.0129458862876254 0
1133 0.0128456856187291 0
1134 0.0127454849498328 0
1135 0.0126452842809365 0
1136 0.0125450836120401 0
1137 0.0124448829431438 0
1138 0.0123446822742475 0
1139 0.0122444816053512 0
1140 0.0121442809364548 0
1141 0.0120440802675585 0
1142 0.0119438795986622 0
1143 0.0118436789297659 0
1144 0.0117434782608696 0
1145 0.0116432775919732 0
1146 0.0115430769230769 0
1147 0.0114428762541806 0
1148 0.0113426755852843 0
1149 0.011242474916388 0
1150 0.0111422742474916 0
1151 0.0110420735785953 0
1152 0.010941872909699 0
1153 0.0108416722408027 0
1154 0.0107414715719064 0
1155 0.01064127090301 0
1156 0.0105410702341137 0
1157 0.0104408695652174 0
1158 0.0103406688963211 0
1159 0.0102404682274247 0
1160 0.0101402675585284 0
1161 0.0100400668896321 0
1162 0.00993986622073579 0
1163 0.00983966555183946 0
1164 0.00973946488294314 0
1165 0.00963926421404682 0
1166 0.0095390635451505 0
1167 0.00943886287625418 0
1168 0.00933866220735786 0
1169 0.00923846153846154 0
1170 0.00913826086956522 0
1171 0.0090380602006689 0
1172 0.00893785953177258 0
1173 0.00883765886287625 0
1174 0.00873745819397993 0
1175 0.00863725752508361 0
1176 0.00853705685618729 0
1177 0.00843685618729097 0
1178 0.00833665551839465 0
1179 0.00823645484949833 0
1180 0.00813625418060201 0
1181 0.00803605351170568 0
1182 0.00793585284280936 0
1183 0.00783565217391304 0
1184 0.00773545150501672 0
1185 0.0076352508361204 0
1186 0.00753505016722408 0
1187 0.00743484949832776 0
1188 0.00733464882943144 0
1189 0.00723444816053512 0
1190 0.0071342474916388 0
1191 0.00703404682274248 0
1192 0.00693384615384615 0
1193 0.00683364548494983 0
1194 0.00673344481605351 0
1195 0.00663324414715719 0
1196 0.00653304347826087 0
1197 0.00643284280936455 0
1198 0.00633264214046823 0
1199 0.00623244147157191 0
1200 0.00613224080267559 0
1201 0.00603204013377926 0
1202 0.00593183946488294 0
1203 0.00583163879598662 0
1204 0.0057314381270903 0
1205 0.00563123745819398 0
1206 0.00553103678929766 0
1207 0.00543083612040134 0
1208 0.00533063545150502 0
1209 0.0052304347826087 0
1210 0.00513023411371237 0
1211 0.00503003344481605 0
1212 0.00492983277591973 0
1213 0.00482963210702341 0
1214 0.00472943143812709 0
1215 0.00462923076923077 0
1216 0.00452903010033445 0
1217 0.00442882943143813 0
1218 0.00432862876254181 0
1219 0.00422842809364549 0
1220 0.00412822742474916 0
1221 0.00402802675585284 0
1222 0.00392782608695652 0
1223 0.0038276254180602 0
1224 0.00372742474916388 0
1225 0.00362722408026756 0
1226 0.00352702341137124 0
1227 0.00342682274247492 0
1228 0.0033266220735786 0
1229 0.00322642140468227 0
1230 0.00312622073578595 0
1231 0.00302602006688963 0
1232 0.00292581939799331 0
1233 0.00282561872909699 0
1234 0.00272541806020067 0
1235 0.00262521739130435 0
1236 0.00252501672240803 0
1237 0.00242481605351171 0
1238 0.00232461538461538 0
1239 0.00222441471571906 0
1240 0.00212421404682274 0
1241 0.00202401337792642 0
1242 0.0019238127090301 0
1243 0.00182361204013378 0
1244 0.00172341137123746 0
1245 0.00162321070234114 0
1246 0.00152301003344482 0
1247 0.0014228093645485 0
1248 0.00132260869565217 0
1249 0.00122240802675585 0
1250 0.00112220735785953 0
1251 0.00102200668896321 0
1252 0.00092180602006689 0
1253 0.000821605351170569 0
1254 0.000721404682274248 0
1255 0.000621204013377926 0
1256 0.000521003344481605 0
1257 0.000420802675585284 0
1258 0.000320602006688963 0
1259 0.000220401337792642 0
1260 0.000120200668896321 0


Lines

1 1 2
2 2 3
3 3 4
4 4 5
5 5 6
6 6 7
7 7 8
8 8 9
9 9 10
10 10 11
11 11 12
12 12 13
13 13 14
14 14 15
15 15 16
16 16 17
17 17 18
18 18 19
19 19 20
20 20 21
21 21 22
22 22 23
23 23 24
24 24 25
25 25 26
26 26 27
27 27 28
28 28 29
29 29 30
30 30 31
31 31 32
32 32 33
33 33 34
34 34 35
35 35 36
36 36 37
37 37 38
38 38 39
39 39 40
40 40 41
41 41 42
42 42 43
43 43 44
44 44 45
45 45 46
46 46 47
47 47 48
48 48 49
49 49 50
50 50 51
51 51 52
52 52 53
53 53 54
54 54 55
55 55 56
56 56 57
57 57 58
58 58 59
59 59 60
60 60 61
61 61 62
62 62 63
63 63 64
64 64 65
65 65 66
66 66 67
67 67 68
68 68 69
69 69 70
70 70 71
71 71 72
72 72 73
73 73 74
74 74 75
75 75 76
76 76 77
77 77 78
78 78 79
79 79 80
80 80 81
81 81 82
82 82 83
83 83 84
84 84 85
85 85 86
86 86 87
87 87 88
88 88 89
89 89 90
90 90 91
91 91 92
92 92 93
93 93 94
94 94 95
95 95 96
96 96 97
97 97 98
98 98 99
99 99 100
100 100 101
101 101 102
102 102 103
103 103 104
104 104 105
105 105 106
106 106 107
107 107 108
108 108 109
109 109 110
110 110 111
111 111 112
112 112 113
113 113 114
114 114 115
115 115 116
116 116 117
117 117 118
118 118 119
119 119 120
120 120 121
121 121 122
122 122 123
123 123 124
124 124 125
125 125 126
126 126 127
127 127 128
128 128 129
129 129 130
130 130 131
131 131 132
132 132 133
133 133 134
134 134 135
135 135 136
136 136 137
137 137 138
138 138 139
139 139 140
140 140 141
141 141 142
142 142 143
143 143 144
144 144 145
145 145 146
146 146 147
147 147 148
148 148 149
149 149 150
150 150 151
151 151 152
152 152 153
153 153 154
154 154 155
155 155 156
156 156 157
157 157 158
158 158 159
159 159 160
160 160 161
161 161 162
162 162 163
163 163 164
164 164 165
165 165 166
166 166 167
167 167 168
168 168 169
169 169 170
170 170 171
171 171 172
172 172 173
173 173 174
174 174 175
175 175 176
176 176 177
177 177 178
178 178 179
179 179 180
180 180 181
181 181 182
182 182 183
183 183 184
184 184 185
185 185 186
186 186 187
187 187 188
188 188 189
189 189 190
190 190 191
191 191 192
192 192 193
193 193 194
194 194 195
195 195 196
196 196 197
197 197 198
198 198 199
199 199 200
200 200 201
201 201 202
202 202 203
203 203 204
204 204 205
205 205 206
206 206 207
207 207 208
208 208 209
209 209 210
210 210 211
211 211 212
212 212 213
213 213 214
214 214 215
215 215 216
216 216 217
217 217 218
218 218 219
219 219 220
220 220 221
221 221 222
222 222 223
223 223 224
224 224 225
225 225 226
226 226 227
227 227 228
228 228 229
229 229 230
230 230 231
231 231 232
232 232 233
233 233 234
234 234 235
235 235 236
236 236 237
237 237 238
238 238 239
239 239 240
240 240 241
241 241 242
242 242 243
243 243 244
244 244 245
245 245 246
246 246 247
247 247 248
248 248 249
249 249 250
250 250 251
251 251 252
252 252 253
253 253 254
254 254 255
255 255 256
256 256 257
257 257 258
258 258 259
259 259 260
260 260 261
261 261 262
262 262 263
263 263 264
264 264 265
265 265 266
266 266 267
267 267 268
268 268 269
269 269 270
270 270 271
271 271 272
272 272 273
273 273 274
274 274 275
275 275 276
276 276 277
277 277 278
278 278 279
279 279 280
280 280 281
281 281 282
282 282 283
283 283 284
284 284 285
285 285 286
286 286 287
287 287 288
288 288 289
289 289 290
290 290 291
291 291 292
292 292 293
293 293 294
294 294 295
295 295 296
296 296 297
297 297 298
298 298 299
299 299 300
300 300 301
301 301 302
302 302 303
303 303 304
304 304 305
305 305 306
306 306 307
307 307 308
308 308 309
309 309 310
310 310 311
311 311 312
312 312 313
313 313 314
314 314 315
315 315 316
316 316 317
317 317 318
318 318 319
319 319 320
320 320 321
321 321 322
322 322 323
323 323 324
324 324 325
325 325 326
326 326 327
327 327 328
328 328 329
329 329 330
330 330 331
331 331 332
332 332 333
333 333 334
334 334 335
335 335 336
336 336 337
337 337 338
338 338 339
339 339 340
340 340 341
341 341 342
342 342 343
343 343 344
344 344 345
345 345 346
346 346 347
347 347 348
348 348 349
349 349 350
350 350 351
351 351 352
352 352 353
353 353 354
354 354 355
355 355 356
356 356 357
357 357 358
358 358 359
359 359 360
360 360 361
361 361 362
362 362 363
363 363 364
364 364 365
365 365 366
366 366 367
367 367 368
368 368 369
369 369 370
370 370 371
371 371 372
372 372 373
373 373 374
374 374 375
375 375 376
376 376 377
377 377 378
378 378 379
379 379 380
380 380 381
381 381 382
382 382 383
383 383 384
384 384 385
385 385 386
386 386 387
387 387 388
388 388 389
389 389 390
390 390 391
391 391 392
392 392 393
393 393 394
394 394 395
395 395 396
396 396 397
397 397 398
398 398 399
399 399 400
400 400 401
401 401 402
402 402 403
403 403 404
404 404 405
405 405 406
406 406 407
407 407 408
408 408 409
409 409 410
410 410 411
411 411 412
412 412 413
413 413 414
414 414 415
415 415 416
416 416 417
417 417 418
418 418 419
419 419 420
420 420 421
421 421 422
422 422 423
423 423 424
424 424 425
425 425 426
426 426 427
427 427 428
428 428 429
429 429 430
430 430 431
431 431 432
432 432 433
433 433 434
434 434 435
435 435 436
436 436 437
437 437 438
438 438 439
439 439 440
440 440 441
441 441 442
442 442 443
443 443 444
444 444 445
445 445 446
446 446 447
447 447 448
448 448 449
449 449 450
450 450 451
451 451 452
452 452 453
453 453 454
454 454 455
455 455 456
456 456 457
457 457 458
458 458 459
459 459 460
460 460 461
461 461 462
462 462 463
463 463 464
464 464 465
465 465 466
466 466 467
467 467 468
468 468 469
469 469 470
470 470 471
471 471 472
472 472 473
473 473 474
474 474 475
475 475 476
476 476 477
477 477 478
478 478 479
479 479 480
480 480 481
481 481 482
482 482 483
483 483 484
484 484 485
485 485 486
486 486 487
487 487 488
488 488 489
489 489 490
490 490 491
491 491 492
492 492 493
493 493 494
494 494 495
495 495 496
496 496 497
497 497 498
498 498 499
499 499 500
500 500 501
501 501 502
502 502 503
503 503 504
504 504 505
505 505 506
506 506 507
507 507 508
508 508 509
509 509 510
510 510 511
511 511 512
512 512 513
513 513 514
514 514 515
515 515 516
516 516 517
517 517 518
518 518 519
519 519 520
520 520 521
521 521 522
522 522 523
523 523 524
524 524 525
525 525 526
526 526 527
527 527 528
528 528 529
529 529 530
530 530 531
531 531 532
532 532 533
533 533 534
534 534 535
535 535 536
536 536 537
537 537 538
538 538 539
539 539 540
540 540 541
541 541 542
542 542 543
543 543 544
544 544 545
545 545 546
546 546 547
547 547 548
548 548 549
549 549 550
550 550 551
551 551 552
552 552 553
553 553 554
554 554 555
555 555 556
556 556 557
557 557 558
558 558 559
559 559 560
560 560 561
561 561 562
562 562 563
563 563 564
564 564 565
565 565 566
566 566 567
567 567 568
568 568 569
569 569 570
570 570 571
571 571 572
572 572 573
573 573 574
574 574 575
575 575 576
576 576 577
577 577 578
578 578 579
579 579 580
580 580 581
581 581 582
582 582 583
583 583 584
584 584 585
585 585 586
586 586 587
587 587 588
588 588 589
589 589 590
590 590 591
591 591 592
592 592 593
593 593 594
594 594 595
595 595 596
596 596 597
597 597 598
598 598 599
599 599 600
600 600 601
601 601 602
602 602 603
603 603 604
604 604 605
605 605 606
606 606 607
607 607 608
608 608 609
609 609 610
610 610 611
611 611 612
612 612 613
613 613 614
614 614 615
615 615 616
616 616 617
617 617 618
618 618 619
619 619 620
620 620 621
621 621 622
622 622 623
623 623 624
624 624 625
625 625 626
626 626 627
627 627 628
628 628 629
629 629 630
630 630 631
631 631 632
632 632 633
633 633 634
634 634 635
635 635 636
636 636 637
637 637 638
638 638 639
639 639 640
640 640 641
641 641 642
642 642 643
643 643 644
644 644 645
645 645 646
646 646 647
647 647 648
648 648 649
649 649 650
650 650 651
651 651 652
652 652 653
653 653 654
654 654 655
655 655 656
656 656 657
657 657 658
658 658 659
659 659 660
660 660 661
661 661 662
662 662 663
663 663 664
664 664 665
665 665 666
666 666 667
667 667 668
668 668 669
669 669 670
670 670 671
671 671 672
672 672 673
673 673 674
674 674 675
675 675 676
676 676 677
677 677 678
678 678 679
679 679 680
680 680 681
681 681 682
682 682 683
683 683 684
684 684 685
685 685 686
686 686 687
687 687 688
688 688 689
689 689 690
690 690 691
691 691 692
692 692 693
693 693 694
694 694 695
695 695 696
696 696 697
697 697 698
698 698 699
699 699 700
700 700 701
701 701 702
702 702 703
703 703 704
704 704 705
705 705 706
706 706 707
707 707 708
708 708 709
709 709 710
710 710 711
711 711 712
712 712 713
713 713 714
714 714 715
715 715 716
716 716 717
717 717 718
718 718 719
719 719 720
720 720 721
721 721 722
722 722 723
723 723 724
724 724 725
725 725 726
726 726 727
727 727 728
728 728 729
729 729 730
730 730 731
731 731 732
732 732 733
733 733 734
734 734 735
735 735 736
736 736 737
737 737 738
738 738 739
739 739 740
740 740 741
741 741 742
742 742 743
743 743 744
744 744 745
745 745 746
746 746 747
747 747 748
748 748 749
749 749 750
750 750 751
751 751 752
752 752 753
753 753 754
754 754 755
755 755 756
756 756 757
757 757 758
758 758 759
759 759 760
760 760 761
761 761 762
762 762 763
763 763 764
764 764 765
765 765 766
766 766 767
767 767 768
768 768 769
769 769 770
770 770 771
771 771 772
772 772 773
773 773 774
774 774 775
775 775 776
776 776 777
777 777 778
778 778 779
779 779 780
780 780 781
781 781 782
782 782 783
783 783 784
784 784 785
785 785 786
786 786 787
787 787 788
788 788 789
789 789 790
790 790 791
791 791 792
792 792 793
793 793 794
794 794 795
795 795 796
796 796 797
797 797 798
798 798 799
799 799 800
800 800 801
801 801 802
802 802 803
803 803 804
804 804 805
805 805 806
806 806 807
807 807 808
808 808 809
809 809 810
810 810 811
811 811 812
812 812 813
813 813 814
814 814 815
815 815 816
816 816 817
817 817 818
818 818 819
819 819 820
820 820 821
821 821 822
822 822 823
823 823 824
824 824 825
825 825 826
826 826 827
827 827 828
828 828 829
829 829 830
830 830 831
831 831 832
832 832 833
833 833 834
834 834 835
835 835 836
836 836 837
837 837 838
838 838 839
839 839 840
840 840 841
841 841 842
842 842 843
843 843 844
844 844 845
845 845 846
846 846 847
847 847 848
848 848 849
849 849 850
850 850 851
851 851 852
852 852 853
853 853 854
854 854 855
855 855 856
856 856 857
857 857 858
858 858 859
859 859 860
860 860 861
861 861 862
862 862 863
863 863 864
864 864 865
865 865 866
866 866 867
867 867 868
868 868 869
869 869 870
870 870 871
871 871 872
872 872 873
873 873 874
874 874 875
875 875 876
876 876 877
877 877 878
878 878 879
879 879 880
880 880 881
881 881 882
882 882 883
883 883 884
884 884 885
885 885 886
886 886 887
887 887 888
888 888 889
889 889 890
890 890 891
891 891 892
892 892 893
893 893 894
894 894 895
895 895 896
896 896 897
897 897 898
898 898 899
899 899 900
900 900 901
901 901 902
902 902 903
903 903 904
904 904 905
905 905 906
906 906 907
907 907 908
908 908 909
909 909 910
910 910 911
911 911 912
912 912 913
913 913 914
914 914 915
915 915 916
916 916 917
917 917 918
918 918 919
919 919 920
920 920 921
921 921 922
922 922 923
923 923 924
924 924 925
925 925 926
926 926 927
927 927 928
928 928 929
929 929 930
930 930 931
931 931 932
932 932 933
933 933 934
934 934 935
935 935 936
936 936 937
937 937 938
938 938 939
939 939 940
940 940 941
941 941 942
942 942 943
943 943 944
944 944 945
945 945 946
946 946 947
947 947 948
948 948 949
949 949 950
950 950 951
951 951 952
952 952 953
953 953 954
954 954 955
955 955 956
956 956 957
957 957 958
958 958 959
959 959 960
960 960 961
961 961 962
962 962 963
963 963 964
964 964 965
965 965 966
966 966 967
967 967 968
968 968 969
969 969 970
970 970 971
971 971 972
972 972 973
973 973 974
974 974 975
975 975 976
976 976 977
977 977 978
978 978 979
979 979 980
980 980 981
981 981 982
982 982 983
983 983 984
984 984 985
985 985 986
986 986 987
987 987 988
988 988 989
989 989 990
990 990 991
991 991 992
992 992 993
993 993 994
994 994 995
995 995 996
996 996 997
997 997 998
998 998 999
999 999 1000
1000 1000 1001
1001 1001 1002
1002 1002 1003
1003 1003 1004
1004 1004 1005
1005 1005 1006
1006 1006 1007
1007 1007 1008
1008 1008 1009
1009 1009 1010
1010 1010 1011
1011 1011 1012
1012 1012 1013
1013 1013 1014
1014 1014 1015
1015 1015 1016
1016 1016 1017
1017 1017 1018
1018 1018 1019
1019 1019 1020
1020 1020 1021
1021 1021 1022
1022 1022 1023
1023 1023 1024
1024 1024 1025
1025 1025 1026
1026 1026 1027
1027 1027 1028
1028 1028 1029
1029 1029 1030
1030 1030 1031
1031 1031 1032
1032 1032 1033
1033 1033 1034
1034 1034 1035
1035 1035 1036
1036 1036 1037
1037 1037 1038
1038 1038 1039
1039 1039 1040
1040 1040 1041
1041 1041 1042
1042 1042 1043
1043 1043 1044
1044 1044 1045
1045 1045 1046
1046 1046 1047
1047 1047 1048
1048 1048 1049
1049 1049 1050
1050 1050 1051
1051 1051 1052
1052 1052 1053
1053 1053 1054
1054 1054 1055
1055 1055 1056
1056 1056 1057
1057 1057 1058
1058 1058 1059
1059 1059 1060
1060 1060 1061
1061 1061 1062
1062 1062 1063
1063 1063 1064
1064 1064 1065
1065 1065 1066
1066 1066 1067
1067 1067 1068
1068 1068 1069
1069 1069 1070
1070 1070 1071
1071 1071 1072
1072 1072 1073
1073 1073 1074
1074 1074 1075
1075 1075 1076
1076 1076 1077
1077 1077 1078
1078 1078 1079
1079 1079 1080
1080 1080 1081
1081 1081 1082
1082 1082 1083
1083 1083 1084
1084 1084 1085
1085 1085 1086
1086 1086 1087
1087 1087 1088
1088 1088 1089
1089 1089 1090
1090 1090 1091
1091 1091 1092
1092 1092 1093
1093 1093 1094
1094 1094 1095
1095 1095 1096
1096 1096 1097
1097 1097 1098
1098 1098 1099
1099 1099 1100
1100 1100 1101
1101 1101 1102
1102 1102 1103
1103 1103 1104
1104 1104 1105
1105 1105 1106
1106 1106 1107
1107 1107 1108
1108 1108 1109
1109 1109 1110
1110 1110 1111
1111 1111 1112
1112 1112 1113
1113 1113 1114
1114 1114 1115
1115 1115 1116
1116 1116 1117
1117 1117 1118
1118 1118 1119
1119 1119 1120
1120 1120 1121
1121 1121 1122
1122 1122 1123
1123 1123 1124
1124 1124 1125
1125 1125 1126
1126 1126 1127
1127 1127 1128
1128 1128 1129
1129 1129 1130
1130 1130 1131
1131 1131 1132
1132 1132 1133
1133 1133 1134
1134 1134 1135
1135 1135 1136
1136 1136 1137
1137 1137 1138
1138 1138 1139
1139 1139 1140
1140 1140 1141
1141 1141 1142
1142 1142 1143
1143 1143 1144
1144 1144 1145
1145 1145 1146
1146 1146 1147
1147 1147 1148
1148 1148 1149
1149 1149 1150
1150 1150 1151
1151 1151 1152
1152 1152 1153
1153 1153 1154
1154 1154 1155
1155 1155 1156
1156 1156 1157
1157 1157 1158
1158 1158 1159
1159 1159 1160
1160 1160 1161
1161 1161 1162
1162 1162 1163
1163 1163 1164
1164 1164 1165
1165 1165 1166
1166 1166 1167
1167 1167 1168
1168 1168 1169
1169 1169 1170
1170 1170 1171
1171 1171 1172
1172 1172 1173
1173 1173 1174
1174 1174 1175
1175 1175 1176
1176 1176 1177
1177 1177 1178
1178 1178 1179
1179 1179 1180
1180 1180 1181
1181 1181 1182
1182 1182 1183
1183 1183 1184
1184 1184 1185
1185 1185 1186
1186 1186 1187
1187 1187 1188
1188 1188 1189
1189 1189 1190
1190 1190 1191
1191 1191 1192
1192 1192 1193
1193 1193 1194
1194 1194 1195
1195 1195 1196
1196 1196 1197
1197 1197 1198
1198 1198 1199
1199 1199 1200
1200 1200 1201
1201 1201 1202
1202 1202 1203
1203 1203 1204
1204 1204 1205
1205 1205 1206
1206 1206 1207
1207 1207 1208
1208 1208 1209
1209 1209 1210
1210 1210 1211
1211 1211 1212
1212 1212 1213
1213 1213 1214
1214 1214 1215
1215 1215 1216
1216 1216 1217
1217 1217 1218
1218 1218 1219
1219 1219 1220
1220 1220 1221
1221 1221 1222
1222 1222 1223
1223 1223 1224
1224 1224 1225
1225 1225 1226
1226 1226 1227
1227 1227 1228
1228 1228 1229
1229 1229 1230
1230 1230 1231
1231 1231 1232
1232 1232 1233
1233 1233 1234
1234 1234 1235
1235 1235 1236
1236 1236 1237
1237 1237 1238
1238 1238 1239
1239 1239 1240
1240 1240 1241
1241 1241 1242
1242 1242 1243
1243 1243 1244
1244 1244 1245
1245 1245 1246
1246 1246 1247
1247 1247 1248
1248 1248 1249
1249 1249 1250
1250 1250 1251
1251 1251 1252
1252 1252 1253
1253 1253 1254
1254 1254 1255
1255 1255 1256
1256 1256 1257
1257 1257 1258
1258 1258 1259
1259 1259 1260
1260 1260 1
