       0            0        0        0        0        0        0 
     100    3.2388078  1654908    36804    25686        0        0 
     200    13.786637  3309883    76595    51599        0        0 
     300    32.131442  4965212   117865    77680        0        0 
     400    53.538714  6620550   159820   104271        0        0 
     500    101.21082  8276332   201736   130166        0        0 
     600    160.35365  9931049   244576   156121        0        0 
     700    216.95285 11586291   287904   182652        0        0 
     800    289.68179 13240997   331196   209010        0        0 
     900    366.17167 14896154   374840   235176        0        0 
    1000    452.59591 16551163   418076   260808        0        0 
    1100    531.72004 18206160   462182   287924        0        0 
    1200    622.58371 19860975   505912   313393        0        0 
    1300    705.86101 21516201   550255   339368        0        0 
    1400    796.23821 23171323   594528   365940        0        0 
    1500    880.07238 24826645   639375   392747        0        0 
    1600    972.37976 26481328   683247   418929        0        8 
    1700    1063.0797 28135789   727851   445575        1       29 
    1800    1154.0728 29790267   772919   471031       11      236 
    1900    1256.7264 31445456   817235   497752       27     1116 
    2000    1364.1916 33100829   862617   523760       92     3536 
    2100    1459.9142 34755826   907324   549523      210     8246 
    2200    1552.8615 36410634   954627   577527      346    14121 
    2300    1647.9852 38065733   999622   602979      468    21991 
    2400    1748.6713 39720835  1047667   631406      633    30277 
    2500    1834.2419 41376277  1098228   659427      922    41768 
    2600    1929.3787 43031773  1152326   691348     1150    56077 
    2700    2038.9557 44686953  1212114   725258     1419    70468 
    2800    2144.2875 46342029  1276079   761404     1741    86333 
    2900    2255.1751 47997570  1345990   799021     2044   102270 
    3000    2368.2397 49652544  1422322   841288     2238   117898 
    3100    2472.5717 51307324  1507485   888027     2641   135167 
    3200    2593.1738 52962592  1599216   936807     2882   152812 
    3300     2709.241 54617589  1695976   988858     3165   166373 
    3400    2830.9717 56272717  1801220  1044523     3374   179496 
    3500    2980.6464 57928123  1907420  1101650     3622   192115 
    3600     3111.495 59583560  2016755  1161554     3812   202882 
    3700    3238.8135 61237732  2126446  1220135     3790   210460 
    3800    3372.5471 62892115  2234521  1277795     3959   218370 
    3900     3516.414 64544963  2340995  1336135     4143   224868 
    4000     3690.568 66193815  2445286  1391045     4168   227963 
    4100     3839.855 67835472  2544655  1445460     3974   231630 
    4200    3990.6139 69463898  2644631  1498959     4220   235960 
    4300    4136.0735 71071561  2741335  1553202     4083   237385 
    4400    4294.2387 72649911  2839449  1607619     4359   243182 
    4500    4447.7961 74192787  2935677  1660249     4237   244558 
    4600    4613.0277 75702382  3030411  1710789     4160   243761 
    4700    4773.7173 77206867  3126875  1763802     4216   248884 
    4800    4944.3593 78710177  3220722  1814518     4365   250133 
    4900    5120.4837 80170476  3317231  1868222     4364   254421 
    5000    5298.1065 81606480  3410215  1918072     4369   254569 
    5100    5465.8946 83009511  3503105  1969963     4344   257789 
    5200    5636.1558 84376078  3594128  2018949     4331   257269 
    5300    5825.5871 85704791  3686321  2070310     4414   259345 
    5400    5980.1168 86991290  3778273  2119244     4446   261240 
    5500     6131.549 88232990  3868465  2167271     4514   262933 
    5600    6279.6385 89429360  3957338  2217002     4474   264549 
    5700    6452.7274 90578676  4046941  2265327     4540   266081 
    5800    6615.5154 91683137  4133754  2311978     4586   267635 
    5900    6779.3901 92740913  4221245  2356915     4665   268985 
    6000    6947.3099 93752817  4306650  2404218     4612   268242 
    6100    7107.9381 94719920  4389078  2447178     4493   269653 
    6200    7279.8574 95638136  4471854  2491381     4568   271194 
    6300    7440.5623 96511136  4555179  2535646     4562   270624 
    6400    7601.6077 97335649  4632564  2577885     4629   272998 
    6500    7787.5397 98112679  4707459  2616105     4497   271310 
    6600    7977.2864 98843536  4782401  2655680     4530   273552 
    6700    8145.2183 99525832  4856420  2694794     4633   274032 
    6800    8333.0757 100160158  4927304  2732696     4737   277146 
    6900     8503.258 100751217  4994079  2765234     4705   274820 
    7000    8679.4392 101298650  5060502  2798763     4806   277988 
    7100    8845.5628 101801866  5121427  2831345     4642   277594 
    7200    9023.9215 102269333  5185442  2862992     4711   279090 
    7300    9192.9711 102699253  5241161  2892721     4800   278879 
    7400    9361.0472 103098231  5296072  2919617     4712   279525 
    7500    9536.6095 103466420  5346303  2944977     4722   279739 
    7600    9706.5687 103810750  5396099  2970243     4627   280147 
    7700    9867.8252 104134335  5442341  2990250     4633   280694 
    7800    10050.139 104436983  5488992  3013657     4700   279867 
    7900    10223.759 104727674  5535301  3037004     4736   281447 
    8000    10384.716 105005618  5578119  3056244     4718   282314 
    8100    10563.254 105273695  5619637  3079789     4683   281301 
    8200    10722.893 105530749  5659790  3100726     4718   281632 
    8300    10889.687 105780034  5700346  3116675     4576   281539 
    8400    11058.092 106023125  5738861  3135423     4674   282365 
    8500    11229.752 106260378  5776840  3154102     4698   283082 
    8600    11407.388 106488139  5811981  3172345     4758   283068 
    8700    11578.742 106709387  5847861  3188570     4758   282655 
    8800    11750.946 106924857  5882916  3206761     4695   281386 
    8900    11924.147 107134918  5918074  3222232     4848   284355 
    9000    12097.988 107335715  5952342  3240936     4744   285909 
    9100    12281.202 107531574  5983173  3253538     4869   283941 
    9200    12453.549 107721404  6015127  3267972     4723   284066 
    9300    12642.853 107905140  6045469  3281874     4714   284853 
    9400     12844.91 108083324  6074407  3295859     4746   286116 
    9500    13043.113 108258904  6105930  3311497     4800   287365 
    9600    13247.525 108425944  6134496  3324933     4801   286469 
    9700    13446.255 108591292  6163174  3337884     4626   285875 
    9800    13647.836 108750431  6187298  3349853     4749   287064 
    9900    13831.616 108905882  6212794  3360030     4779   287785 
   10000      14033.6 109057508  6238003  3372592     4804   287701 
   10100    14237.173 109203493  6263515  3384855     4817   286091 
   10200    14445.657 109343389  6287832  3395185     4748   287439 
   10300    14660.571 109482608  6308766  3404721     4621   286323 
   10400    14842.477 109614965  6332952  3418489     4707   286089 
   10500    15040.095 109743349  6356160  3428434     4753   286642 
   10600     15240.19 109867717  6377811  3438569     4738   287684 
   10700    15427.161 109990254  6400303  3448433     4724   287440 
   10800    15609.971 110107277  6421704  3457937     4724   288574 
   10900    15799.742 110221812  6443006  3467254     4758   289373 
   11000    15967.948 110332877  6461431  3475864     4772   287921 
   11100    16159.866 110439863  6481234  3484078     4766   288210 
   11200    16364.306 110543688  6498702  3490232     4733   287296 
   11300    16546.148 110645301  6518415  3501945     4975   289954 
   11400    16725.928 110744233  6536454  3509524     4725   287885 
   11500    16914.995 110839933  6555020  3517558     4837   290199 
   11600    17092.218 110935326  6572593  3526838     4796   290322 
   11700    17279.186 111027079  6587757  3533860     4706   289655 
   11800    17474.114 111117048  6603084  3539500     4886   288873 
   11900    17661.507 111204787  6618594  3546767     4789   289659 
   12000    17845.411 111289196  6633087  3551403     4847   287911 
   12100    18028.082 111374234  6646691  3558661     4737   288026 
   12200    18199.737 111456381  6664062  3566015     4790   288707 
   12300    18377.905 111533595  6677227  3570178     4750   288496 
   12400    18562.454 111609207  6691727  3577733     4831   288568 
   12500    18748.958 111682183  6703522  3584302     4812   288551 
   12600    18928.497 111754439  6716524  3589010     4748   288240 
   12700    19113.504 111823339  6733621  3595287     4767   290344 
   12800    19292.024 111891378  6744621  3601403     4774   290141 
   12900     19473.36 111960055  6756824  3605111     4906   289951 
   13000    19640.693 112024091  6770375  3611129     4837   288466 
   13100    19817.637 112088739  6783054  3616597     4923   291378 
   13200    19988.303 112149980  6793858  3623470     4764   289330 
   13300    20166.749 112210999  6807052  3627575     4893   291610 
   13400    20347.802 112270548  6819379  3629420     4824   289494 
   13500    20527.493 112328870  6828655  3633511     4710   291364 
   13600    20708.787 112384350  6838587  3640634     4775   291684 
   13700    20894.443 112441579  6851011  3645322     4887   290903 
   13800     21095.61 112493205  6859874  3649173     4784   289563 
   13900     21268.22 112547380  6869049  3655871     4674   290154 
   14000    21458.075 112599984  6878688  3656714     4788   289768 
   14100    21658.967 112649285  6889397  3662213     4817   290655 
   14200    21864.625 112698156  6898034  3663277     4739   289219 
   14300    22060.823 112743244  6907885  3666162     4853   289613 
   14400    22262.469 112789189  6917632  3672752     4767   289505 
   14500    22454.561 112834481  6927156  3676703     4833   290344 
   14600    22641.234 112878313  6935089  3678985     4821   290592 
   14700    22842.922 112921893  6945346  3685623     4778   289901 
   14800     23029.42 112962271  6952554  3684090     4766   291222 
   14900    23219.742 113000469  6959430  3687622     4787   289753 
   15000    23402.902 113037740  6965231  3690789     4826   290369 
   15100    23614.183 113076653  6973889  3695745     4660   287802 
   15200    23808.209 113112264  6981675  3694737     4781   290233 
   15300    24007.157 113147420  6990365  3701229     4841   289890 
   15400    24196.917 113183547  6995421  3703148     4814   289802 
   15500    24396.724 113217540  7003123  3707535     4750   289106 
   15600    24584.545 113253825  7010565  3709089     4911   290970 
   15700    24772.755 113287589  7015857  3709485     4768   291119 
   15800    24959.734 113321115  7024071  3714699     4787   290819 
   15900    25164.132 113352539  7031673  3717194     4757   290170 
   16000    25382.912 113383520  7037421  3717963     4808   291877 
   16100     25590.93 113415487  7043350  3720445     4786   290021 
   16200    25793.518 113445008  7050417  3722544     4921   292304 
   16300     26003.54 113476054  7057358  3723444     4863   290491 
   16400    26219.291 113505237  7064800  3726420     4869   290442 
   16500    26425.927 113531325  7069837  3731796     4759   292504 
   16600    26613.261 113554918  7074286  3731444     4787   290124 
   16700    26807.104 113580733  7079353  3731997     4810   291713 
   16800     27016.02 113605666  7084706  3734188     4728   291627 
   16900    27222.409 113628632  7087471  3733376     4905   291377 
   17000    27412.724 113655668  7094702  3739358     4786   289932 
   17100    27615.969 113679020  7098595  3741225     4765   290161 
   17200    27798.221 113701290  7105207  3742867     4770   289933 
   17300    27985.665 113724733  7108133  3744087     4818   289876 
   17400    28188.173 113745764  7114558  3745109     4765   290255 
   17500    28398.399 113767284  7118567  3746836     4767   291481 
   17600    28590.508 113786028  7122291  3746520     4928   292034 
   17700    28781.546 113807442  7126821  3748961     4781   290070 
   17800    28972.361 113825976  7128027  3748134     4884   290141 
   17900     29158.55 113844220  7133408  3753359     4780   290721 
   18000    29337.531 113863884  7137067  3752175     4808   291668 
   18100    29533.648 113885132  7141085  3754340     4892   291350 
   18200    29725.561 113901372  7147699  3757816     4685   290929 
   18300    29922.191 113920567  7153580  3756521     4874   290511 
   18400    30118.456 113935834  7154545  3759686     4786   289518 
   18500    30294.044 113954025  7160634  3760136     4796   290873 
   18600    30487.407 113969651  7164280  3762866     4928   291084 
   18700    30681.419 113985496  7169212  3764470     4815   291068 
   18800    30890.105 114001152  7170603  3764716     4826   292103 
   18900    31089.746 114015205  7174848  3767395     4924   291187 
   19000    31288.928 114029674  7178011  3766366     4817   290496 
   19100    31459.255 114041463  7180881  3765855     4820   290931 
   19200    31647.597 114056253  7185076  3769849     4771   290036 
   19300    31825.357 114069527  7188035  3769418     4778   292233 
   19400    32025.266 114083883  7194575  3771464     4711   290128 
   19500    32211.965 114097219  7198727  3771296     4789   292468 
   19600    32396.901 114111020  7198822  3772266     4879   291710 
   19700    32584.656 114124330  7203910  3771298     4656   291740 
   19800    32772.234 114134368  7206101  3774674     4771   290155 
   19900    32965.985 114145043  7207611  3774877     4763   290674 
   20000    33152.224 114153698  7211367  3775843     4872   291606 
   20100    33624.998 114166246  7215011  3775620     4787   289986 
   20200    34118.341 114175619  7218708  3779328     4865   292423 
   20300     34580.28 114184441  7218764  3780959     4886   292531 
   20400    35036.167 114193079  7222856  3782108     4716   290641 
   20500    35492.811 114202419  7225615  3780251     4846   292702 
   20600    35966.002 114212932  7225681  3782204     4728   290682 
   20700    36409.022 114222866  7230814  3784703     4879   292090 
   20800    36853.822 114232792  7233500  3780505     4777   291953 
   20900    37338.916 114243659  7235808  3783588     4790   291049 
   21000    37854.745 114252839  7239036  3784277     4810   291887 
   21100    38331.832 114260016  7241070  3786679     4802   291939 
   21200    38817.763 114264727  7241845  3785905     4854   292993 
   21300    39313.492 114273617  7246104  3786094     4785   291500 
   21400    39775.259 114283996  7247636  3784407     4862   291530 
   21500    40234.332 114293947  7251167  3786436     4738   290322 
   21600    40749.108 114302270  7250996  3787021     4664   290835 
   21700    41158.513 114310477  7254436  3785046     4765   291988 
   21800    41452.988 114318340  7258715  3789283     4865   291544 
   21900    41751.837 114320794  7256741  3786676     4806   291295 
   22000    42115.782 114327291  7260458  3787441     4845   290685 
   22100    42536.316 114332139  7263429  3788330     4800   291094 
   22200    42925.575 114339489  7264847  3787917     4754   292010 
   22300    43364.534 114345016  7266922  3790245     4764   291296 
   22400    43777.213 114351704  7268089  3790319     4741   290011 
   22500    44163.819 114360413  7272385  3790568     4866   292885 
   22600    44590.626 114367455  7272544  3791238     4862   293015 
   22700    44969.458 114374174  7276025  3791992     4793   290385 
   22800    45373.651 114379707  7277454  3789768     4833   292340 
   22900    45796.777 114385090  7279632  3792938     4893   293584 
   23000    46177.147 114390261  7284860  3793850     4789   291624 
   23100    46579.824 114395138  7282363  3792489     4870   292049 
   23200    47016.567 114400996  7284301  3794424     4894   292863 
   23300    47458.173 114405247  7285802  3794875     4729   289864 
   23400    47838.398 114410544  7288359  3795471     4849   292772 
   23500     48263.26 114414602  7288015  3794019     4752   289809 
   23600    48670.528 114419304  7290688  3794375     4828   291425 
   23700    49078.998 114425144  7291893  3793861     4821   292273 
   23800    49464.545 114430105  7292239  3795297     4724   290667 
   23900    49887.457 114435772  7295162  3797512     4880   291262 
   24000    50299.222 114440928  7294753  3794728     4899   292073 
   24100    50670.468 114442353  7299618  3796657     4799   290484 
   24200    51085.033 114447385  7301252  3798170     4796   292571 
   24300    51469.294 114452530  7301014  3798120     4870   292605 
   24400    51862.791 114456902  7303396  3794442     4843   290094 
   24500    52303.072 114459698  7305784  3798622     4646   290476 
   24600    52772.744 114462846  7306590  3798691     4764   291074 
   24700    53371.191 114467964  7308740  3797880     4867   291461 
   24800    53863.456 114468052  7308667  3798229     4846   292191 
   24900    54259.655 114468364  7312469  3802976     4919   293249 
   25000    54721.805 114474004  7312692  3798063     4932   293076 