surf file from Luca Mazzotta

1296 points
1296 lines

Points

1 0.002 0
2 0.00195091754295418 6.023626075915e-07
3 0.00190186465134516 2.40908758965519e-06
4 0.00185287087280067 5.41908664261959e-06
5 0.00180396571934088 9.63054665560614e-06
6 0.00175517864960157 1.50409308025798e-05
7 0.00170653905108928 2.16469800704382e-05
8 0.0016580762224794 2.94447152221178e-05
9 0.00160981935596774 3.84294391935394e-05
10 0.00156179751968626 4.85957399229431e-05
11 0.00151403964019347 5.99374936109121e-05
12 0.0014665744850502 7.24478684091203e-05
13 0.00141943064549108 8.61193285355824e-05
14 0.00137263651920222 0.000100943638813927
15 0.00132622029321556 0.000116911869633958
16 0.00128020992693002 0.000134014402330522
17 0.00123463313526982 0.000152240934977427
18 0.00118951737199002 0.000171580488592939
19 0.00114488981313943 0.000192021413753114
20 0.00110077734069079 0.00021355139760897
21 0.001057206526348 0.00023615747130329
22 0.00101420361554043 0.000259826017782577
23 0.000971794511613556 0.000284542779999456
24 0.000930004760225805 0.000310292869500586
25 0.000888859533960796 0.00033706077539491
26 0.00084838361716431 0.000364830373696832
27 0.000808601391015134 0.00039358493703871
28 0.000769536818838746 0.000423307144746788
29 0.000731213431672708 0.000453979093274527
30 0.000693654314092446 0.000485582306987032
31 0.000656882090305963 0.000518097749290082
32 0.000620918910525866 0.000551505834097066
33 0.000585786437626905 0.000585786437626905
34 0.000551505834097066 0.000620918910525866
35 0.000518097749290082 0.000656882090305963
36 0.00048558230698703 0.000693654314092447
37 0.000453979093274526 0.000731213431672709
38 0.000423307144746787 0.000769536818838747
39 0.00039358493703871 0.000808601391015134
40 0.000364830373696833 0.000848383617164309
41 0.000337060775394909 0.000888859533960796
42 0.000310292869500586 0.000930004760225806
43 0.000284542779999456 0.000971794511613557
44 0.000259826017782577 0.00101420361554043
45 0.00023615747130329 0.001057206526348
46 0.000213551397608969 0.00110077734069079
47 0.000192021413753113 0.00114488981313944
48 0.000171580488592939 0.00118951737199002
49 0.000152240934977426 0.00123463313526982
50 0.000134014402330522 0.00128020992693002
51 0.000116911869633958 0.00132622029321556
52 0.000100943638813926 0.00137263651920222
53 8.61193285355821e-05 0.00141943064549108
54 7.24478684091201e-05 0.0014665744850502
55 5.99374936109121e-05 0.00151403964019347
56 4.85957399229429e-05 0.00156179751968626
57 3.84294391935391e-05 0.00160981935596774
58 2.94447152221173e-05 0.0016580762224794
59 2.1646980070438e-05 0.00170653905108928
60 1.50409308025801e-05 0.00175517864960157
61 9.63054665560614e-06 0.00180396571934088
62 5.41908664261959e-06 0.00185287087280067
63 2.40908758965519e-06 0.00190186465134516
64 6.023626075915e-07 0.00195091754295418
65 0 0.002
66 0 0.0021
67 0 0.0022
68 0 0.0023
69 0 0.0024
70 0 0.0025
71 0 0.0026
72 0 0.0027
73 0 0.0028
74 0 0.0029
75 0 0.003
76 0 0.0031
77 0 0.0032
78 0 0.0033
79 0 0.0034
80 0 0.0035
81 0 0.0036
82 0 0.0037
83 0 0.0038
84 0 0.0039
85 0 0.004
86 0 0.0041
87 0 0.0042
88 0 0.0043
89 0 0.0044
90 0 0.0045
91 0 0.0046
92 0 0.0047
93 0 0.0048
94 0 0.0049
95 0 0.005
96 0 0.0051
97 0 0.0052
98 0 0.0053
99 0 0.0054
100 0 0.0055
101 0 0.0056
102 0 0.0057
103 0 0.0058
104 0 0.0059
105 0 0.006
106 0 0.0061
107 0 0.0062
108 0 0.0063
109 0 0.0064
110 0 0.0065
111 0 0.0066
112 0 0.0067
113 0 0.0068
114 0 0.0069
115 0 0.007
116 0 0.0071
117 0 0.0072
118 0 0.0073
119 0 0.0074
120 0 0.0075
121 0 0.0076
122 0 0.0077
123 0 0.0078
124 0 0.0079
125 0 0.008
126 0 0.0081
127 0 0.0082
128 0 0.0083
129 0 0.0084
130 0 0.0085
131 0 0.0086
132 0 0.0087
133 0 0.0088
134 0 0.0089
135 0 0.009
136 0 0.0091
137 0 0.0092
138 0 0.0093
139 0 0.0094
140 0 0.0095
141 0 0.0096
142 0 0.0097
143 0 0.0098
144 0 0.0099
145 0 0.01
146 0 0.0101
147 0 0.0102
148 0 0.0103
149 0 0.0104
150 0 0.0105
151 0 0.0106
152 0 0.0107
153 0 0.0108
154 0 0.0109
155 0 0.011
156 0 0.0111
157 0 0.0112
158 0 0.0113
159 0 0.0114
160 0 0.0115
161 0 0.0116
162 0 0.0117
163 0 0.0118
164 0 0.0119
165 0 0.012
166 0 0.0121
167 0 0.0122
168 0 0.0123
169 0 0.0124
170 0 0.0125
171 0 0.0126
172 0 0.0127
173 0 0.0128
174 0 0.0129
175 0 0.013
176 0 0.0131
177 0 0.0132
178 0 0.0133
179 0 0.0134
180 0 0.0135
181 0 0.0136
182 0 0.0137
183 0 0.0138
184 0 0.0139
185 0 0.014
186 0 0.0141
187 0 0.0142
188 0 0.0143
189 0 0.0144
190 0 0.0145
191 0 0.0146
192 0 0.0147
193 0 0.0148
194 0 0.0149
195 0 0.015
196 0 0.0151
197 0 0.0152
198 0 0.0153
199 0 0.0154
200 0 0.0155
201 0 0.0156
202 0 0.0157
203 0 0.0158
204 0 0.0159
205 0 0.016
206 0 0.0161
207 0 0.0162
208 0 0.0163
209 0 0.0164
210 0 0.0165
211 0 0.0166
212 0 0.0167
213 0 0.0168
214 0 0.0169
215 0 0.017
216 0 0.0171
217 0 0.0172
218 0 0.0173
219 0 0.0174
220 0 0.0175
221 0 0.0176
222 0 0.0177
223 0 0.0178
224 0 0.0179
225 0 0.018
226 0 0.0181
227 0 0.0182
228 0 0.0183
229 0 0.0184
230 0 0.0185
231 0 0.0186
232 0 0.0187
233 0 0.0188
234 0 0.0189
235 0 0.019
236 0 0.0191
237 0 0.0192
238 0 0.0193
239 0 0.0194
240 0 0.0195
241 0 0.0196
242 0 0.0197
243 0 0.0198
244 0 0.0199
245 0 0.02
246 0 0.0201
247 0 0.0202
248 0 0.0203
249 0 0.0204
250 0 0.0205
251 0 0.0206
252 0 0.0207
253 0 0.0208
254 0 0.0209
255 0 0.021
256 0 0.0211
257 0 0.0212
258 0 0.0213
259 0 0.0214
260 0 0.0215
261 0 0.0216
262 0 0.0217
263 0 0.0218
264 0 0.0219
265 0 0.022
266 0 0.0221
267 0 0.0222
268 0 0.0223
269 0 0.0224
270 0 0.0225
271 0 0.0226
272 0 0.0227
273 0 0.0228
274 0 0.0229
275 0 0.023
276 0 0.0231
277 0 0.0232
278 0 0.0233
279 0 0.0234
280 0 0.0235
281 0 0.0236
282 0 0.0237
283 0 0.0238
284 0 0.0239
285 0 0.024
286 0 0.0241
287 0 0.0242
288 0 0.0243
289 0 0.0244
290 0 0.0245
291 0 0.0246
292 0 0.0247
293 0 0.0248
294 0 0.0249
295 0 0.025
296 0 0.0251
297 0 0.0252
298 0 0.0253
299 0 0.0254
300 0 0.0255
301 0 0.0256
302 0 0.0257
303 0 0.0258
304 0 0.0259
305 0 0.026
306 0 0.0261
307 0 0.0262
308 0 0.0263
309 0 0.0264
310 0 0.0265
311 0 0.0266
312 0 0.0267
313 0 0.0268
314 0 0.0269
315 0 0.027
316 0 0.0271
317 0 0.0272
318 0 0.0273
319 0 0.0274
320 0 0.0275
321 0 0.0276
322 0 0.0277
323 0 0.0278
324 0 0.0279
325 0 0.028
326 6.023626075915e-07 0.0280490824570458
327 2.40908758965519e-06 0.0280981353486548
328 5.41908664261959e-06 0.0281471291271993
329 9.63054665560637e-06 0.0281960342806591
330 1.50409308025801e-05 0.0282448213503984
331 2.1646980070438e-05 0.0282934609489107
332 2.94447152221176e-05 0.0283419237775206
333 3.84294391935391e-05 0.0283901806440323
334 4.85957399229431e-05 0.0284382024803137
335 5.99374936109121e-05 0.0284859603598065
336 7.24478684091203e-05 0.0285334255149498
337 8.61193285355824e-05 0.0285805693545089
338 0.000100943638813927 0.0286273634807978
339 0.000116911869633959 0.0286737797067844
340 0.000134014402330522 0.02871979007307
341 0.000152240934977427 0.0287653668647302
342 0.000171580488592939 0.02881048262801
343 0.000192021413753113 0.0288551101868606
344 0.00021355139760897 0.0288992226593092
345 0.00023615747130329 0.028942793473652
346 0.000259826017782577 0.0289857963844596
347 0.000284542779999456 0.0290282054883864
348 0.000310292869500586 0.0290699952397742
349 0.000337060775394909 0.0291111404660392
350 0.000364830373696833 0.0291516163828357
351 0.00039358493703871 0.0291913986089849
352 0.000423307144746788 0.0292304631811613
353 0.000453979093274526 0.0292687865683273
354 0.000485582306987031 0.0293063456859076
355 0.000518097749290082 0.029343117909694
356 0.000551505834097066 0.0293790810894741
357 0.000585786437626905 0.0294142135623731
358 0.000620918910525866 0.0294484941659029
359 0.000656882090305963 0.0294819022507099
360 0.000693654314092447 0.029514417693013
361 0.000731213431672709 0.0295460209067255
362 0.000769536818838747 0.0295766928552532
363 0.000808601391015133 0.0296064150629613
364 0.000848383617164309 0.0296351696263032
365 0.000888859533960796 0.0296629392246051
366 0.000930004760225806 0.0296897071304994
367 0.000971794511613557 0.0297154572200005
368 0.00101420361554043 0.0297401739822174
369 0.001057206526348 0.0297638425286967
370 0.00110077734069079 0.029786448602391
371 0.00114488981313944 0.0298079785862469
372 0.00118951737199002 0.0298284195114071
373 0.00123463313526982 0.0298477590650226
374 0.00128020992693002 0.0298659855976695
375 0.00132622029321556 0.029883088130366
376 0.00137263651920222 0.0298990563611861
377 0.00141943064549108 0.0299138806714644
378 0.0014665744850502 0.0299275521315909
379 0.00151403964019347 0.0299400625063891
380 0.00156179751968626 0.0299514042600771
381 0.00160981935596774 0.0299615705608065
382 0.0016580762224794 0.0299705552847779
383 0.00170653905108928 0.0299783530199296
384 0.00175517864960157 0.0299849590691974
385 0.00180396571934088 0.0299903694533444
386 0.00185287087280067 0.0299945809133574
387 0.00190186465134516 0.0299975909124103
388 0.00195091754295418 0.0299993976373924
389 0.002 0.03
390 0.0021 0.03
391 0.0022 0.03
392 0.0023 0.03
393 0.0024 0.03
394 0.0025 0.03
395 0.0026 0.03
396 0.0027 0.03
397 0.0028 0.03
398 0.0029 0.03
399 0.003 0.03
400 0.0031 0.03
401 0.0032 0.03
402 0.0033 0.03
403 0.0034 0.03
404 0.0035 0.03
405 0.0036 0.03
406 0.0037 0.03
407 0.0038 0.03
408 0.0039 0.03
409 0.004 0.03
410 0.0041 0.03
411 0.0042 0.03
412 0.0043 0.03
413 0.0044 0.03
414 0.0045 0.03
415 0.0046 0.03
416 0.0047 0.03
417 0.0048 0.03
418 0.0049 0.03
419 0.005 0.03
420 0.0051 0.03
421 0.0052 0.03
422 0.0053 0.03
423 0.0054 0.03
424 0.0055 0.03
425 0.0056 0.03
426 0.0057 0.03
427 0.0058 0.03
428 0.0059 0.03
429 0.006 0.03
430 0.0061 0.03
431 0.0062 0.03
432 0.0063 0.03
433 0.0064 0.03
434 0.0065 0.03
435 0.0066 0.03
436 0.0067 0.03
437 0.0068 0.03
438 0.0069 0.03
439 0.007 0.03
440 0.0071 0.03
441 0.0072 0.03
442 0.0073 0.03
443 0.0074 0.03
444 0.0075 0.03
445 0.0076 0.03
446 0.0077 0.03
447 0.0078 0.03
448 0.0079 0.03
449 0.008 0.03
450 0.0081 0.03
451 0.0082 0.03
452 0.0083 0.03
453 0.0084 0.03
454 0.0085 0.03
455 0.0086 0.03
456 0.0087 0.03
457 0.0088 0.03
458 0.0089 0.03
459 0.009 0.03
460 0.0091 0.03
461 0.0092 0.03
462 0.0093 0.03
463 0.0094 0.03
464 0.0095 0.03
465 0.0096 0.03
466 0.0097 0.03
467 0.0098 0.03
468 0.0099 0.03
469 0.01 0.03
470 0.0101 0.03
471 0.0102 0.03
472 0.0103 0.03
473 0.0104 0.03
474 0.0105 0.03
475 0.0106 0.03
476 0.0107 0.03
477 0.0108 0.03
478 0.0109 0.03
479 0.011 0.03
480 0.0111 0.03
481 0.0112 0.03
482 0.0113 0.03
483 0.0114 0.03
484 0.0115 0.03
485 0.0116 0.03
486 0.0117 0.03
487 0.0118 0.03
488 0.0119 0.03
489 0.012 0.03
490 0.0121 0.03
491 0.0122 0.03
492 0.0123 0.03
493 0.0124 0.03
494 0.0125 0.03
495 0.0126 0.03
496 0.0127 0.03
497 0.0128 0.03
498 0.0129 0.03
499 0.013 0.03
500 0.0131 0.03
501 0.0132 0.03
502 0.0133 0.03
503 0.0134 0.03
504 0.0135 0.03
505 0.0136 0.03
506 0.0137 0.03
507 0.0138 0.03
508 0.0139 0.03
509 0.014 0.03
510 0.0141 0.03
511 0.0142 0.03
512 0.0143 0.03
513 0.0144 0.03
514 0.0145 0.03
515 0.0146 0.03
516 0.0147 0.03
517 0.0148 0.03
518 0.0149 0.03
519 0.015 0.03
520 0.0151 0.03
521 0.0152 0.03
522 0.0153 0.03
523 0.0154 0.03
524 0.0155 0.03
525 0.0156 0.03
526 0.0157 0.03
527 0.0158 0.03
528 0.0159 0.03
529 0.016 0.03
530 0.0161 0.03
531 0.0162 0.03
532 0.0163 0.03
533 0.0164 0.03
534 0.0165 0.03
535 0.0166 0.03
536 0.0167 0.03
537 0.0168 0.03
538 0.0169 0.03
539 0.017 0.03
540 0.0171 0.03
541 0.0172 0.03
542 0.0173 0.03
543 0.0174 0.03
544 0.0175 0.03
545 0.0176 0.03
546 0.0177 0.03
547 0.0178 0.03
548 0.0179 0.03
549 0.018 0.03
550 0.0181 0.03
551 0.0182 0.03
552 0.0183 0.03
553 0.0184 0.03
554 0.0185 0.03
555 0.0186 0.03
556 0.0187 0.03
557 0.0188 0.03
558 0.0189 0.03
559 0.019 0.03
560 0.0191 0.03
561 0.0192 0.03
562 0.0193 0.03
563 0.0194 0.03
564 0.0195 0.03
565 0.0196 0.03
566 0.0197 0.03
567 0.0198 0.03
568 0.0199 0.03
569 0.02 0.03
570 0.0201 0.03
571 0.0202 0.03
572 0.0203 0.03
573 0.0204 0.03
574 0.0205 0.03
575 0.0206 0.03
576 0.0207 0.03
577 0.0208 0.03
578 0.0209 0.03
579 0.021 0.03
580 0.0211 0.03
581 0.0212 0.03
582 0.0213 0.03
583 0.0214 0.03
584 0.0215 0.03
585 0.0216 0.03
586 0.0217 0.03
587 0.0218 0.03
588 0.0219 0.03
589 0.022 0.03
590 0.0221 0.03
591 0.0222 0.03
592 0.0223 0.03
593 0.0224 0.03
594 0.0225 0.03
595 0.0226 0.03
596 0.0227 0.03
597 0.0228 0.03
598 0.0229 0.03
599 0.023 0.03
600 0.0231 0.03
601 0.0232 0.03
602 0.0233 0.03
603 0.0234 0.03
604 0.0235 0.03
605 0.0236 0.03
606 0.0237 0.03
607 0.0238 0.03
608 0.0239 0.03
609 0.024 0.03
610 0.0241 0.03
611 0.0242 0.03
612 0.0243 0.03
613 0.0244 0.03
614 0.0245 0.03
615 0.0246 0.03
616 0.0247 0.03
617 0.0248 0.03
618 0.0249 0.03
619 0.025 0.03
620 0.0251 0.03
621 0.0252 0.03
622 0.0253 0.03
623 0.0254 0.03
624 0.0255 0.03
625 0.0256 0.03
626 0.0257 0.03
627 0.0258 0.03
628 0.0259 0.03
629 0.026 0.03
630 0.0261 0.03
631 0.0262 0.03
632 0.0263 0.03
633 0.0264 0.03
634 0.0265 0.03
635 0.0266 0.03
636 0.0267 0.03
637 0.0268 0.03
638 0.0269 0.03
639 0.027 0.03
640 0.0271 0.03
641 0.0272 0.03
642 0.0273 0.03
643 0.0274 0.03
644 0.0275 0.03
645 0.0276 0.03
646 0.0277 0.03
647 0.0278 0.03
648 0.0279 0.03
649 0.028 0.03
650 0.0280490824570458 0.0299993976373924
651 0.0280981353486548 0.0299975909124103
652 0.0281471291271993 0.0299945809133574
653 0.0281960342806591 0.0299903694533444
654 0.0282448213503984 0.0299849590691974
655 0.0282934609489107 0.0299783530199296
656 0.0283419237775206 0.0299705552847779
657 0.0283901806440323 0.0299615705608065
658 0.0284382024803137 0.0299514042600771
659 0.0284859603598065 0.0299400625063891
660 0.0285334255149498 0.0299275521315909
661 0.0285805693545089 0.0299138806714644
662 0.0286273634807978 0.0298990563611861
663 0.0286737797067844 0.029883088130366
664 0.02871979007307 0.0298659855976695
665 0.0287653668647302 0.0298477590650226
666 0.02881048262801 0.0298284195114071
667 0.0288551101868606 0.0298079785862469
668 0.0288992226593092 0.029786448602391
669 0.028942793473652 0.0297638425286967
670 0.0289857963844596 0.0297401739822174
671 0.0290282054883864 0.0297154572200005
672 0.0290699952397742 0.0296897071304994
673 0.0291111404660392 0.0296629392246051
674 0.0291516163828357 0.0296351696263032
675 0.0291913986089849 0.0296064150629613
676 0.0292304631811613 0.0295766928552532
677 0.0292687865683273 0.0295460209067255
678 0.0293063456859076 0.029514417693013
679 0.029343117909694 0.0294819022507099
680 0.0293790810894741 0.0294484941659029
681 0.0294142135623731 0.0294142135623731
682 0.0294484941659029 0.0293790810894741
683 0.0294819022507099 0.029343117909694
684 0.029514417693013 0.0293063456859076
685 0.0295460209067255 0.0292687865683273
686 0.0295766928552532 0.0292304631811613
687 0.0296064150629613 0.0291913986089849
688 0.0296351696263032 0.0291516163828357
689 0.0296629392246051 0.0291111404660392
690 0.0296897071304994 0.0290699952397742
691 0.0297154572200005 0.0290282054883864
692 0.0297401739822174 0.0289857963844596
693 0.0297638425286967 0.028942793473652
694 0.029786448602391 0.0288992226593092
695 0.0298079785862469 0.0288551101868606
696 0.0298284195114071 0.02881048262801
697 0.0298477590650226 0.0287653668647302
698 0.0298659855976695 0.02871979007307
699 0.029883088130366 0.0286737797067844
700 0.0298990563611861 0.0286273634807978
701 0.0299138806714644 0.0285805693545089
702 0.0299275521315909 0.0285334255149498
703 0.0299400625063891 0.0284859603598065
704 0.0299514042600771 0.0284382024803137
705 0.0299615705608065 0.0283901806440323
706 0.0299705552847779 0.0283419237775206
707 0.0299783530199296 0.0282934609489107
708 0.0299849590691974 0.0282448213503984
709 0.0299903694533444 0.0281960342806591
710 0.0299945809133574 0.0281471291271993
711 0.0299975909124103 0.0280981353486548
712 0.0299993976373924 0.0280490824570458
713 0.03 0.028
714 0.03 0.0279
715 0.03 0.0278
716 0.03 0.0277
717 0.03 0.0276
718 0.03 0.0275
719 0.03 0.0274
720 0.03 0.0273
721 0.03 0.0272
722 0.03 0.0271
723 0.03 0.027
724 0.03 0.0269
725 0.03 0.0268
726 0.03 0.0267
727 0.03 0.0266
728 0.03 0.0265
729 0.03 0.0264
730 0.03 0.0263
731 0.03 0.0262
732 0.03 0.0261
733 0.03 0.026
734 0.03 0.0259
735 0.03 0.0258
736 0.03 0.0257
737 0.03 0.0256
738 0.03 0.0255
739 0.03 0.0254
740 0.03 0.0253
741 0.03 0.0252
742 0.03 0.0251
743 0.03 0.025
744 0.03 0.0249
745 0.03 0.0248
746 0.03 0.0247
747 0.03 0.0246
748 0.03 0.0245
749 0.03 0.0244
750 0.03 0.0243
751 0.03 0.0242
752 0.03 0.0241
753 0.03 0.024
754 0.03 0.0239
755 0.03 0.0238
756 0.03 0.0237
757 0.03 0.0236
758 0.03 0.0235
759 0.03 0.0234
760 0.03 0.0233
761 0.03 0.0232
762 0.03 0.0231
763 0.03 0.023
764 0.03 0.0229
765 0.03 0.0228
766 0.03 0.0227
767 0.03 0.0226
768 0.03 0.0225
769 0.03 0.0224
770 0.03 0.0223
771 0.03 0.0222
772 0.03 0.0221
773 0.03 0.022
774 0.03 0.0219
775 0.03 0.0218
776 0.03 0.0217
777 0.03 0.0216
778 0.03 0.0215
779 0.03 0.0214
780 0.03 0.0213
781 0.03 0.0212
782 0.03 0.0211
783 0.03 0.021
784 0.03 0.0209
785 0.03 0.0208
786 0.03 0.0207
787 0.03 0.0206
788 0.03 0.0205
789 0.03 0.0204
790 0.03 0.0203
791 0.03 0.0202
792 0.03 0.0201
793 0.03 0.02
794 0.03 0.0199
795 0.03 0.0198
796 0.03 0.0197
797 0.03 0.0196
798 0.03 0.0195
799 0.03 0.0194
800 0.03 0.0193
801 0.03 0.0192
802 0.03 0.0191
803 0.03 0.019
804 0.03 0.0189
805 0.03 0.0188
806 0.03 0.0187
807 0.03 0.0186
808 0.03 0.0185
809 0.03 0.0184
810 0.03 0.0183
811 0.03 0.0182
812 0.03 0.0181
813 0.03 0.018
814 0.03 0.0179
815 0.03 0.0178
816 0.03 0.0177
817 0.03 0.0176
818 0.03 0.0175
819 0.03 0.0174
820 0.03 0.0173
821 0.03 0.0172
822 0.03 0.0171
823 0.03 0.017
824 0.03 0.0169
825 0.03 0.0168
826 0.03 0.0167
827 0.03 0.0166
828 0.03 0.0165
829 0.03 0.0164
830 0.03 0.0163
831 0.03 0.0162
832 0.03 0.0161
833 0.03 0.016
834 0.03 0.0159
835 0.03 0.0158
836 0.03 0.0157
837 0.03 0.0156
838 0.03 0.0155
839 0.03 0.0154
840 0.03 0.0153
841 0.03 0.0152
842 0.03 0.0151
843 0.03 0.015
844 0.03 0.0149
845 0.03 0.0148
846 0.03 0.0147
847 0.03 0.0146
848 0.03 0.0145
849 0.03 0.0144
850 0.03 0.0143
851 0.03 0.0142
852 0.03 0.0141
853 0.03 0.014
854 0.03 0.0139
855 0.03 0.0138
856 0.03 0.0137
857 0.03 0.0136
858 0.03 0.0135
859 0.03 0.0134
860 0.03 0.0133
861 0.03 0.0132
862 0.03 0.0131
863 0.03 0.013
864 0.03 0.0129
865 0.03 0.0128
866 0.03 0.0127
867 0.03 0.0126
868 0.03 0.0125
869 0.03 0.0124
870 0.03 0.0123
871 0.03 0.0122
872 0.03 0.0121
873 0.03 0.012
874 0.03 0.0119
875 0.03 0.0118
876 0.03 0.0117
877 0.03 0.0116
878 0.03 0.0115
879 0.03 0.0114
880 0.03 0.0113
881 0.03 0.0112
882 0.03 0.0111
883 0.03 0.011
884 0.03 0.0109
885 0.03 0.0108
886 0.03 0.0107
887 0.03 0.0106
888 0.03 0.0105
889 0.03 0.0104
890 0.03 0.0103
891 0.03 0.0102
892 0.03 0.0101
893 0.03 0.01
894 0.03 0.0099
895 0.03 0.0098
896 0.03 0.0097
897 0.03 0.0096
898 0.03 0.0095
899 0.03 0.0094
900 0.03 0.0093
901 0.03 0.0092
902 0.03 0.0091
903 0.03 0.009
904 0.03 0.0089
905 0.03 0.0088
906 0.03 0.0087
907 0.03 0.0086
908 0.03 0.0085
909 0.03 0.0084
910 0.03 0.0083
911 0.03 0.0082
912 0.03 0.0081
913 0.03 0.008
914 0.03 0.0079
915 0.03 0.0078
916 0.03 0.0077
917 0.03 0.0076
918 0.03 0.0075
919 0.03 0.0074
920 0.03 0.0073
921 0.03 0.0072
922 0.03 0.0071
923 0.03 0.007
924 0.03 0.0069
925 0.03 0.0068
926 0.03 0.0067
927 0.03 0.0066
928 0.03 0.0065
929 0.03 0.0064
930 0.03 0.0063
931 0.03 0.0062
932 0.03 0.0061
933 0.03 0.006
934 0.03 0.0059
935 0.03 0.0058
936 0.03 0.0057
937 0.03 0.0056
938 0.03 0.0055
939 0.03 0.0054
940 0.03 0.0053
941 0.03 0.0052
942 0.03 0.0051
943 0.03 0.005
944 0.03 0.0049
945 0.03 0.0048
946 0.03 0.0047
947 0.03 0.0046
948 0.03 0.0045
949 0.03 0.0044
950 0.03 0.0043
951 0.03 0.0042
952 0.03 0.0041
953 0.03 0.004
954 0.03 0.0039
955 0.03 0.0038
956 0.03 0.0037
957 0.03 0.0036
958 0.03 0.0035
959 0.03 0.0034
960 0.03 0.0033
961 0.03 0.0032
962 0.03 0.0031
963 0.03 0.003
964 0.03 0.0029
965 0.03 0.0028
966 0.03 0.0027
967 0.03 0.0026
968 0.03 0.0025
969 0.03 0.0024
970 0.03 0.0023
971 0.03 0.0022
972 0.03 0.0021
973 0.03 0.002
974 0.0299993976373924 0.00195091754295418
975 0.0299975909124103 0.00190186465134516
976 0.0299945809133574 0.00185287087280067
977 0.0299903694533444 0.00180396571934088
978 0.0299849590691974 0.00175517864960157
979 0.0299783530199296 0.00170653905108928
980 0.0299705552847779 0.0016580762224794
981 0.0299615705608065 0.00160981935596774
982 0.0299514042600771 0.00156179751968626
983 0.0299400625063891 0.00151403964019347
984 0.0299275521315909 0.0014665744850502
985 0.0299138806714644 0.00141943064549108
986 0.0298990563611861 0.00137263651920222
987 0.029883088130366 0.00132622029321556
988 0.0298659855976695 0.00128020992693002
989 0.0298477590650226 0.00123463313526982
990 0.0298284195114071 0.00118951737199002
991 0.0298079785862469 0.00114488981313943
992 0.029786448602391 0.00110077734069079
993 0.0297638425286967 0.001057206526348
994 0.0297401739822174 0.00101420361554043
995 0.0297154572200005 0.000971794511613556
996 0.0296897071304994 0.000930004760225805
997 0.0296629392246051 0.000888859533960796
998 0.0296351696263032 0.00084838361716431
999 0.0296064150629613 0.000808601391015134
1000 0.0295766928552532 0.000769536818838745
1001 0.0295460209067255 0.000731213431672708
1002 0.029514417693013 0.000693654314092446
1003 0.0294819022507099 0.000656882090305963
1004 0.0294484941659029 0.000620918910525866
1005 0.0294142135623731 0.000585786437626905
1006 0.0293790810894741 0.000551505834097066
1007 0.029343117909694 0.000518097749290082
1008 0.0293063456859076 0.000485582306987031
1009 0.0292687865683273 0.000453979093274526
1010 0.0292304631811613 0.000423307144746788
1011 0.0291913986089849 0.000393584937038709
1012 0.0291516163828357 0.000364830373696832
1013 0.0291111404660392 0.000337060775394909
1014 0.0290699952397742 0.000310292869500586
1015 0.0290282054883864 0.000284542779999456
1016 0.0289857963844596 0.000259826017782577
1017 0.028942793473652 0.00023615747130329
1018 0.0288992226593092 0.000213551397608969
1019 0.0288551101868606 0.000192021413753113
1020 0.02881048262801 0.000171580488592939
1021 0.0287653668647302 0.000152240934977427
1022 0.02871979007307 0.000134014402330522
1023 0.0286737797067844 0.000116911869633958
1024 0.0286273634807978 0.000100943638813926
1025 0.0285805693545089 8.61193285355821e-05
1026 0.0285334255149498 7.24478684091201e-05
1027 0.0284859603598065 5.99374936109121e-05
1028 0.0284382024803137 4.85957399229429e-05
1029 0.0283901806440323 3.84294391935391e-05
1030 0.0283419237775206 2.94447152221176e-05
1031 0.0282934609489107 2.16469800704382e-05
1032 0.0282448213503984 1.50409308025798e-05
1033 0.0281960342806591 9.63054665560614e-06
1034 0.0281471291271993 5.41908664261959e-06
1035 0.0280981353486548 2.40908758965519e-06
1036 0.0280490824570458 6.023626075915e-07
1037 0.028 0
1038 0.0279 0
1039 0.0278 0
1040 0.0277 0
1041 0.0276 0
1042 0.0275 0
1043 0.0274 0
1044 0.0273 0
1045 0.0272 0
1046 0.0271 0
1047 0.027 0
1048 0.0269 0
1049 0.0268 0
1050 0.0267 0
1051 0.0266 0
1052 0.0265 0
1053 0.0264 0
1054 0.0263 0
1055 0.0262 0
1056 0.0261 0
1057 0.026 0
1058 0.0259 0
1059 0.0258 0
1060 0.0257 0
1061 0.0256 0
1062 0.0255 0
1063 0.0254 0
1064 0.0253 0
1065 0.0252 0
1066 0.0251 0
1067 0.025 0
1068 0.0249 0
1069 0.0248 0
1070 0.0247 0
1071 0.0246 0
1072 0.0245 0
1073 0.0244 0
1074 0.0243 0
1075 0.0242 0
1076 0.0241 0
1077 0.024 0
1078 0.0239 0
1079 0.0238 0
1080 0.0237 0
1081 0.0236 0
1082 0.0235 0
1083 0.0234 0
1084 0.0233 0
1085 0.0232 0
1086 0.0231 0
1087 0.023 0
1088 0.0229 0
1089 0.0228 0
1090 0.0227 0
1091 0.0226 0
1092 0.0225 0
1093 0.0224 0
1094 0.0223 0
1095 0.0222 0
1096 0.0221 0
1097 0.022 0
1098 0.0219 0
1099 0.0218 0
1100 0.0217 0
1101 0.0216 0
1102 0.0215 0
1103 0.0214 0
1104 0.0213 0
1105 0.0212 0
1106 0.0211 0
1107 0.021 0
1108 0.0209 0
1109 0.0208 0
1110 0.0207 0
1111 0.0206 0
1112 0.0205 0
1113 0.0204 0
1114 0.0203 0
1115 0.0202 0
1116 0.0201 0
1117 0.02 0
1118 0.0199 0
1119 0.0198 0
1120 0.0197 0
1121 0.0196 0
1122 0.0195 0
1123 0.0194 0
1124 0.0193 0
1125 0.0192 0
1126 0.0191 0
1127 0.019 0
1128 0.0189 0
1129 0.0188 0
1130 0.0187 0
1131 0.0186 0
1132 0.0185 0
1133 0.0184 0
1134 0.0183 0
1135 0.0182 0
1136 0.0181 0
1137 0.018 0
1138 0.0179 0
1139 0.0178 0
1140 0.0177 0
1141 0.0176 0
1142 0.0175 0
1143 0.0174 0
1144 0.0173 0
1145 0.0172 0
1146 0.0171 0
1147 0.017 0
1148 0.0169 0
1149 0.0168 0
1150 0.0167 0
1151 0.0166 0
1152 0.0165 0
1153 0.0164 0
1154 0.0163 0
1155 0.0162 0
1156 0.0161 0
1157 0.016 0
1158 0.0159 0
1159 0.0158 0
1160 0.0157 0
1161 0.0156 0
1162 0.0155 0
1163 0.0154 0
1164 0.0153 0
1165 0.0152 0
1166 0.0151 0
1167 0.015 0
1168 0.0149 0
1169 0.0148 0
1170 0.0147 0
1171 0.0146 0
1172 0.0145 0
1173 0.0144 0
1174 0.0143 0
1175 0.0142 0
1176 0.0141 0
1177 0.014 0
1178 0.0139 0
1179 0.0138 0
1180 0.0137 0
1181 0.0136 0
1182 0.0135 0
1183 0.0134 0
1184 0.0133 0
1185 0.0132 0
1186 0.0131 0
1187 0.013 0
1188 0.0129 0
1189 0.0128 0
1190 0.0127 0
1191 0.0126 0
1192 0.0125 0
1193 0.0124 0
1194 0.0123 0
1195 0.0122 0
1196 0.0121 0
1197 0.012 0
1198 0.0119 0
1199 0.0118 0
1200 0.0117 0
1201 0.0116 0
1202 0.0115 0
1203 0.0114 0
1204 0.0113 0
1205 0.0112 0
1206 0.0111 0
1207 0.011 0
1208 0.0109 0
1209 0.0108 0
1210 0.0107 0
1211 0.0106 0
1212 0.0105 0
1213 0.0104 0
1214 0.0103 0
1215 0.0102 0
1216 0.0101 0
1217 0.01 0
1218 0.0099 0
1219 0.0098 0
1220 0.0097 0
1221 0.0096 0
1222 0.0095 0
1223 0.0094 0
1224 0.0093 0
1225 0.0092 0
1226 0.0091 0
1227 0.009 0
1228 0.0089 0
1229 0.0088 0
1230 0.0087 0
1231 0.0086 0
1232 0.0085 0
1233 0.0084 0
1234 0.0083 0
1235 0.0082 0
1236 0.0081 0
1237 0.008 0
1238 0.0079 0
1239 0.0078 0
1240 0.0077 0
1241 0.0076 0
1242 0.0075 0
1243 0.0074 0
1244 0.0073 0
1245 0.0072 0
1246 0.0071 0
1247 0.007 0
1248 0.0069 0
1249 0.0068 0
1250 0.0067 0
1251 0.0066 0
1252 0.0065 0
1253 0.0064 0
1254 0.0063 0
1255 0.0062 0
1256 0.0061 0
1257 0.006 0
1258 0.0059 0
1259 0.0058 0
1260 0.0057 0
1261 0.0056 0
1262 0.0055 0
1263 0.0054 0
1264 0.0053 0
1265 0.0052 0
1266 0.0051 0
1267 0.005 0
1268 0.0049 0
1269 0.0048 0
1270 0.0047 0
1271 0.0046 0
1272 0.0045 0
1273 0.0044 0
1274 0.0043 0
1275 0.0042 0
1276 0.0041 0
1277 0.004 0
1278 0.0039 0
1279 0.0038 0
1280 0.0037 0
1281 0.0036 0
1282 0.0035 0
1283 0.0034 0
1284 0.0033 0
1285 0.0032 0
1286 0.0031 0
1287 0.003 0
1288 0.0029 0
1289 0.0028 0
1290 0.0027 0
1291 0.0026 0
1292 0.0025 0
1293 0.0024 0
1294 0.0023 0
1295 0.0022 0
1296 0.0021 0


Lines

1 1 2
2 2 3
3 3 4
4 4 5
5 5 6
6 6 7
7 7 8
8 8 9
9 9 10
10 10 11
11 11 12
12 12 13
13 13 14
14 14 15
15 15 16
16 16 17
17 17 18
18 18 19
19 19 20
20 20 21
21 21 22
22 22 23
23 23 24
24 24 25
25 25 26
26 26 27
27 27 28
28 28 29
29 29 30
30 30 31
31 31 32
32 32 33
33 33 34
34 34 35
35 35 36
36 36 37
37 37 38
38 38 39
39 39 40
40 40 41
41 41 42
42 42 43
43 43 44
44 44 45
45 45 46
46 46 47
47 47 48
48 48 49
49 49 50
50 50 51
51 51 52
52 52 53
53 53 54
54 54 55
55 55 56
56 56 57
57 57 58
58 58 59
59 59 60
60 60 61
61 61 62
62 62 63
63 63 64
64 64 65
65 65 66
66 66 67
67 67 68
68 68 69
69 69 70
70 70 71
71 71 72
72 72 73
73 73 74
74 74 75
75 75 76
76 76 77
77 77 78
78 78 79
79 79 80
80 80 81
81 81 82
82 82 83
83 83 84
84 84 85
85 85 86
86 86 87
87 87 88
88 88 89
89 89 90
90 90 91
91 91 92
92 92 93
93 93 94
94 94 95
95 95 96
96 96 97
97 97 98
98 98 99
99 99 100
100 100 101
101 101 102
102 102 103
103 103 104
104 104 105
105 105 106
106 106 107
107 107 108
108 108 109
109 109 110
110 110 111
111 111 112
112 112 113
113 113 114
114 114 115
115 115 116
116 116 117
117 117 118
118 118 119
119 119 120
120 120 121
121 121 122
122 122 123
123 123 124
124 124 125
125 125 126
126 126 127
127 127 128
128 128 129
129 129 130
130 130 131
131 131 132
132 132 133
133 133 134
134 134 135
135 135 136
136 136 137
137 137 138
138 138 139
139 139 140
140 140 141
141 141 142
142 142 143
143 143 144
144 144 145
145 145 146
146 146 147
147 147 148
148 148 149
149 149 150
150 150 151
151 151 152
152 152 153
153 153 154
154 154 155
155 155 156
156 156 157
157 157 158
158 158 159
159 159 160
160 160 161
161 161 162
162 162 163
163 163 164
164 164 165
165 165 166
166 166 167
167 167 168
168 168 169
169 169 170
170 170 171
171 171 172
172 172 173
173 173 174
174 174 175
175 175 176
176 176 177
177 177 178
178 178 179
179 179 180
180 180 181
181 181 182
182 182 183
183 183 184
184 184 185
185 185 186
186 186 187
187 187 188
188 188 189
189 189 190
190 190 191
191 191 192
192 192 193
193 193 194
194 194 195
195 195 196
196 196 197
197 197 198
198 198 199
199 199 200
200 200 201
201 201 202
202 202 203
203 203 204
204 204 205
205 205 206
206 206 207
207 207 208
208 208 209
209 209 210
210 210 211
211 211 212
212 212 213
213 213 214
214 214 215
215 215 216
216 216 217
217 217 218
218 218 219
219 219 220
220 220 221
221 221 222
222 222 223
223 223 224
224 224 225
225 225 226
226 226 227
227 227 228
228 228 229
229 229 230
230 230 231
231 231 232
232 232 233
233 233 234
234 234 235
235 235 236
236 236 237
237 237 238
238 238 239
239 239 240
240 240 241
241 241 242
242 242 243
243 243 244
244 244 245
245 245 246
246 246 247
247 247 248
248 248 249
249 249 250
250 250 251
251 251 252
252 252 253
253 253 254
254 254 255
255 255 256
256 256 257
257 257 258
258 258 259
259 259 260
260 260 261
261 261 262
262 262 263
263 263 264
264 264 265
265 265 266
266 266 267
267 267 268
268 268 269
269 269 270
270 270 271
271 271 272
272 272 273
273 273 274
274 274 275
275 275 276
276 276 277
277 277 278
278 278 279
279 279 280
280 280 281
281 281 282
282 282 283
283 283 284
284 284 285
285 285 286
286 286 287
287 287 288
288 288 289
289 289 290
290 290 291
291 291 292
292 292 293
293 293 294
294 294 295
295 295 296
296 296 297
297 297 298
298 298 299
299 299 300
300 300 301
301 301 302
302 302 303
303 303 304
304 304 305
305 305 306
306 306 307
307 307 308
308 308 309
309 309 310
310 310 311
311 311 312
312 312 313
313 313 314
314 314 315
315 315 316
316 316 317
317 317 318
318 318 319
319 319 320
320 320 321
321 321 322
322 322 323
323 323 324
324 324 325
325 325 326
326 326 327
327 327 328
328 328 329
329 329 330
330 330 331
331 331 332
332 332 333
333 333 334
334 334 335
335 335 336
336 336 337
337 337 338
338 338 339
339 339 340
340 340 341
341 341 342
342 342 343
343 343 344
344 344 345
345 345 346
346 346 347
347 347 348
348 348 349
349 349 350
350 350 351
351 351 352
352 352 353
353 353 354
354 354 355
355 355 356
356 356 357
357 357 358
358 358 359
359 359 360
360 360 361
361 361 362
362 362 363
363 363 364
364 364 365
365 365 366
366 366 367
367 367 368
368 368 369
369 369 370
370 370 371
371 371 372
372 372 373
373 373 374
374 374 375
375 375 376
376 376 377
377 377 378
378 378 379
379 379 380
380 380 381
381 381 382
382 382 383
383 383 384
384 384 385
385 385 386
386 386 387
387 387 388
388 388 389
389 389 390
390 390 391
391 391 392
392 392 393
393 393 394
394 394 395
395 395 396
396 396 397
397 397 398
398 398 399
399 399 400
400 400 401
401 401 402
402 402 403
403 403 404
404 404 405
405 405 406
406 406 407
407 407 408
408 408 409
409 409 410
410 410 411
411 411 412
412 412 413
413 413 414
414 414 415
415 415 416
416 416 417
417 417 418
418 418 419
419 419 420
420 420 421
421 421 422
422 422 423
423 423 424
424 424 425
425 425 426
426 426 427
427 427 428
428 428 429
429 429 430
430 430 431
431 431 432
432 432 433
433 433 434
434 434 435
435 435 436
436 436 437
437 437 438
438 438 439
439 439 440
440 440 441
441 441 442
442 442 443
443 443 444
444 444 445
445 445 446
446 446 447
447 447 448
448 448 449
449 449 450
450 450 451
451 451 452
452 452 453
453 453 454
454 454 455
455 455 456
456 456 457
457 457 458
458 458 459
459 459 460
460 460 461
461 461 462
462 462 463
463 463 464
464 464 465
465 465 466
466 466 467
467 467 468
468 468 469
469 469 470
470 470 471
471 471 472
472 472 473
473 473 474
474 474 475
475 475 476
476 476 477
477 477 478
478 478 479
479 479 480
480 480 481
481 481 482
482 482 483
483 483 484
484 484 485
485 485 486
486 486 487
487 487 488
488 488 489
489 489 490
490 490 491
491 491 492
492 492 493
493 493 494
494 494 495
495 495 496
496 496 497
497 497 498
498 498 499
499 499 500
500 500 501
501 501 502
502 502 503
503 503 504
504 504 505
505 505 506
506 506 507
507 507 508
508 508 509
509 509 510
510 510 511
511 511 512
512 512 513
513 513 514
514 514 515
515 515 516
516 516 517
517 517 518
518 518 519
519 519 520
520 520 521
521 521 522
522 522 523
523 523 524
524 524 525
525 525 526
526 526 527
527 527 528
528 528 529
529 529 530
530 530 531
531 531 532
532 532 533
533 533 534
534 534 535
535 535 536
536 536 537
537 537 538
538 538 539
539 539 540
540 540 541
541 541 542
542 542 543
543 543 544
544 544 545
545 545 546
546 546 547
547 547 548
548 548 549
549 549 550
550 550 551
551 551 552
552 552 553
553 553 554
554 554 555
555 555 556
556 556 557
557 557 558
558 558 559
559 559 560
560 560 561
561 561 562
562 562 563
563 563 564
564 564 565
565 565 566
566 566 567
567 567 568
568 568 569
569 569 570
570 570 571
571 571 572
572 572 573
573 573 574
574 574 575
575 575 576
576 576 577
577 577 578
578 578 579
579 579 580
580 580 581
581 581 582
582 582 583
583 583 584
584 584 585
585 585 586
586 586 587
587 587 588
588 588 589
589 589 590
590 590 591
591 591 592
592 592 593
593 593 594
594 594 595
595 595 596
596 596 597
597 597 598
598 598 599
599 599 600
600 600 601
601 601 602
602 602 603
603 603 604
604 604 605
605 605 606
606 606 607
607 607 608
608 608 609
609 609 610
610 610 611
611 611 612
612 612 613
613 613 614
614 614 615
615 615 616
616 616 617
617 617 618
618 618 619
619 619 620
620 620 621
621 621 622
622 622 623
623 623 624
624 624 625
625 625 626
626 626 627
627 627 628
628 628 629
629 629 630
630 630 631
631 631 632
632 632 633
633 633 634
634 634 635
635 635 636
636 636 637
637 637 638
638 638 639
639 639 640
640 640 641
641 641 642
642 642 643
643 643 644
644 644 645
645 645 646
646 646 647
647 647 648
648 648 649
649 649 650
650 650 651
651 651 652
652 652 653
653 653 654
654 654 655
655 655 656
656 656 657
657 657 658
658 658 659
659 659 660
660 660 661
661 661 662
662 662 663
663 663 664
664 664 665
665 665 666
666 666 667
667 667 668
668 668 669
669 669 670
670 670 671
671 671 672
672 672 673
673 673 674
674 674 675
675 675 676
676 676 677
677 677 678
678 678 679
679 679 680
680 680 681
681 681 682
682 682 683
683 683 684
684 684 685
685 685 686
686 686 687
687 687 688
688 688 689
689 689 690
690 690 691
691 691 692
692 692 693
693 693 694
694 694 695
695 695 696
696 696 697
697 697 698
698 698 699
699 699 700
700 700 701
701 701 702
702 702 703
703 703 704
704 704 705
705 705 706
706 706 707
707 707 708
708 708 709
709 709 710
710 710 711
711 711 712
712 712 713
713 713 714
714 714 715
715 715 716
716 716 717
717 717 718
718 718 719
719 719 720
720 720 721
721 721 722
722 722 723
723 723 724
724 724 725
725 725 726
726 726 727
727 727 728
728 728 729
729 729 730
730 730 731
731 731 732
732 732 733
733 733 734
734 734 735
735 735 736
736 736 737
737 737 738
738 738 739
739 739 740
740 740 741
741 741 742
742 742 743
743 743 744
744 744 745
745 745 746
746 746 747
747 747 748
748 748 749
749 749 750
750 750 751
751 751 752
752 752 753
753 753 754
754 754 755
755 755 756
756 756 757
757 757 758
758 758 759
759 759 760
760 760 761
761 761 762
762 762 763
763 763 764
764 764 765
765 765 766
766 766 767
767 767 768
768 768 769
769 769 770
770 770 771
771 771 772
772 772 773
773 773 774
774 774 775
775 775 776
776 776 777
777 777 778
778 778 779
779 779 780
780 780 781
781 781 782
782 782 783
783 783 784
784 784 785
785 785 786
786 786 787
787 787 788
788 788 789
789 789 790
790 790 791
791 791 792
792 792 793
793 793 794
794 794 795
795 795 796
796 796 797
797 797 798
798 798 799
799 799 800
800 800 801
801 801 802
802 802 803
803 803 804
804 804 805
805 805 806
806 806 807
807 807 808
808 808 809
809 809 810
810 810 811
811 811 812
812 812 813
813 813 814
814 814 815
815 815 816
816 816 817
817 817 818
818 818 819
819 819 820
820 820 821
821 821 822
822 822 823
823 823 824
824 824 825
825 825 826
826 826 827
827 827 828
828 828 829
829 829 830
830 830 831
831 831 832
832 832 833
833 833 834
834 834 835
835 835 836
836 836 837
837 837 838
838 838 839
839 839 840
840 840 841
841 841 842
842 842 843
843 843 844
844 844 845
845 845 846
846 846 847
847 847 848
848 848 849
849 849 850
850 850 851
851 851 852
852 852 853
853 853 854
854 854 855
855 855 856
856 856 857
857 857 858
858 858 859
859 859 860
860 860 861
861 861 862
862 862 863
863 863 864
864 864 865
865 865 866
866 866 867
867 867 868
868 868 869
869 869 870
870 870 871
871 871 872
872 872 873
873 873 874
874 874 875
875 875 876
876 876 877
877 877 878
878 878 879
879 879 880
880 880 881
881 881 882
882 882 883
883 883 884
884 884 885
885 885 886
886 886 887
887 887 888
888 888 889
889 889 890
890 890 891
891 891 892
892 892 893
893 893 894
894 894 895
895 895 896
896 896 897
897 897 898
898 898 899
899 899 900
900 900 901
901 901 902
902 902 903
903 903 904
904 904 905
905 905 906
906 906 907
907 907 908
908 908 909
909 909 910
910 910 911
911 911 912
912 912 913
913 913 914
914 914 915
915 915 916
916 916 917
917 917 918
918 918 919
919 919 920
920 920 921
921 921 922
922 922 923
923 923 924
924 924 925
925 925 926
926 926 927
927 927 928
928 928 929
929 929 930
930 930 931
931 931 932
932 932 933
933 933 934
934 934 935
935 935 936
936 936 937
937 937 938
938 938 939
939 939 940
940 940 941
941 941 942
942 942 943
943 943 944
944 944 945
945 945 946
946 946 947
947 947 948
948 948 949
949 949 950
950 950 951
951 951 952
952 952 953
953 953 954
954 954 955
955 955 956
956 956 957
957 957 958
958 958 959
959 959 960
960 960 961
961 961 962
962 962 963
963 963 964
964 964 965
965 965 966
966 966 967
967 967 968
968 968 969
969 969 970
970 970 971
971 971 972
972 972 973
973 973 974
974 974 975
975 975 976
976 976 977
977 977 978
978 978 979
979 979 980
980 980 981
981 981 982
982 982 983
983 983 984
984 984 985
985 985 986
986 986 987
987 987 988
988 988 989
989 989 990
990 990 991
991 991 992
992 992 993
993 993 994
994 994 995
995 995 996
996 996 997
997 997 998
998 998 999
999 999 1000
1000 1000 1001
1001 1001 1002
1002 1002 1003
1003 1003 1004
1004 1004 1005
1005 1005 1006
1006 1006 1007
1007 1007 1008
1008 1008 1009
1009 1009 1010
1010 1010 1011
1011 1011 1012
1012 1012 1013
1013 1013 1014
1014 1014 1015
1015 1015 1016
1016 1016 1017
1017 1017 1018
1018 1018 1019
1019 1019 1020
1020 1020 1021
1021 1021 1022
1022 1022 1023
1023 1023 1024
1024 1024 1025
1025 1025 1026
1026 1026 1027
1027 1027 1028
1028 1028 1029
1029 1029 1030
1030 1030 1031
1031 1031 1032
1032 1032 1033
1033 1033 1034
1034 1034 1035
1035 1035 1036
1036 1036 1037
1037 1037 1038
1038 1038 1039
1039 1039 1040
1040 1040 1041
1041 1041 1042
1042 1042 1043
1043 1043 1044
1044 1044 1045
1045 1045 1046
1046 1046 1047
1047 1047 1048
1048 1048 1049
1049 1049 1050
1050 1050 1051
1051 1051 1052
1052 1052 1053
1053 1053 1054
1054 1054 1055
1055 1055 1056
1056 1056 1057
1057 1057 1058
1058 1058 1059
1059 1059 1060
1060 1060 1061
1061 1061 1062
1062 1062 1063
1063 1063 1064
1064 1064 1065
1065 1065 1066
1066 1066 1067
1067 1067 1068
1068 1068 1069
1069 1069 1070
1070 1070 1071
1071 1071 1072
1072 1072 1073
1073 1073 1074
1074 1074 1075
1075 1075 1076
1076 1076 1077
1077 1077 1078
1078 1078 1079
1079 1079 1080
1080 1080 1081
1081 1081 1082
1082 1082 1083
1083 1083 1084
1084 1084 1085
1085 1085 1086
1086 1086 1087
1087 1087 1088
1088 1088 1089
1089 1089 1090
1090 1090 1091
1091 1091 1092
1092 1092 1093
1093 1093 1094
1094 1094 1095
1095 1095 1096
1096 1096 1097
1097 1097 1098
1098 1098 1099
1099 1099 1100
1100 1100 1101
1101 1101 1102
1102 1102 1103
1103 1103 1104
1104 1104 1105
1105 1105 1106
1106 1106 1107
1107 1107 1108
1108 1108 1109
1109 1109 1110
1110 1110 1111
1111 1111 1112
1112 1112 1113
1113 1113 1114
1114 1114 1115
1115 1115 1116
1116 1116 1117
1117 1117 1118
1118 1118 1119
1119 1119 1120
1120 1120 1121
1121 1121 1122
1122 1122 1123
1123 1123 1124
1124 1124 1125
1125 1125 1126
1126 1126 1127
1127 1127 1128
1128 1128 1129
1129 1129 1130
1130 1130 1131
1131 1131 1132
1132 1132 1133
1133 1133 1134
1134 1134 1135
1135 1135 1136
1136 1136 1137
1137 1137 1138
1138 1138 1139
1139 1139 1140
1140 1140 1141
1141 1141 1142
1142 1142 1143
1143 1143 1144
1144 1144 1145
1145 1145 1146
1146 1146 1147
1147 1147 1148
1148 1148 1149
1149 1149 1150
1150 1150 1151
1151 1151 1152
1152 1152 1153
1153 1153 1154
1154 1154 1155
1155 1155 1156
1156 1156 1157
1157 1157 1158
1158 1158 1159
1159 1159 1160
1160 1160 1161
1161 1161 1162
1162 1162 1163
1163 1163 1164
1164 1164 1165
1165 1165 1166
1166 1166 1167
1167 1167 1168
1168 1168 1169
1169 1169 1170
1170 1170 1171
1171 1171 1172
1172 1172 1173
1173 1173 1174
1174 1174 1175
1175 1175 1176
1176 1176 1177
1177 1177 1178
1178 1178 1179
1179 1179 1180
1180 1180 1181
1181 1181 1182
1182 1182 1183
1183 1183 1184
1184 1184 1185
1185 1185 1186
1186 1186 1187
1187 1187 1188
1188 1188 1189
1189 1189 1190
1190 1190 1191
1191 1191 1192
1192 1192 1193
1193 1193 1194
1194 1194 1195
1195 1195 1196
1196 1196 1197
1197 1197 1198
1198 1198 1199
1199 1199 1200
1200 1200 1201
1201 1201 1202
1202 1202 1203
1203 1203 1204
1204 1204 1205
1205 1205 1206
1206 1206 1207
1207 1207 1208
1208 1208 1209
1209 1209 1210
1210 1210 1211
1211 1211 1212
1212 1212 1213
1213 1213 1214
1214 1214 1215
1215 1215 1216
1216 1216 1217
1217 1217 1218
1218 1218 1219
1219 1219 1220
1220 1220 1221
1221 1221 1222
1222 1222 1223
1223 1223 1224
1224 1224 1225
1225 1225 1226
1226 1226 1227
1227 1227 1228
1228 1228 1229
1229 1229 1230
1230 1230 1231
1231 1231 1232
1232 1232 1233
1233 1233 1234
1234 1234 1235
1235 1235 1236
1236 1236 1237
1237 1237 1238
1238 1238 1239
1239 1239 1240
1240 1240 1241
1241 1241 1242
1242 1242 1243
1243 1243 1244
1244 1244 1245
1245 1245 1246
1246 1246 1247
1247 1247 1248
1248 1248 1249
1249 1249 1250
1250 1250 1251
1251 1251 1252
1252 1252 1253
1253 1253 1254
1254 1254 1255
1255 1255 1256
1256 1256 1257
1257 1257 1258
1258 1258 1259
1259 1259 1260
1260 1260 1261
1261 1261 1262
1262 1262 1263
1263 1263 1264
1264 1264 1265
1265 1265 1266
1266 1266 1267
1267 1267 1268
1268 1268 1269
1269 1269 1270
1270 1270 1271
1271 1271 1272
1272 1272 1273
1273 1273 1274
1274 1274 1275
1275 1275 1276
1276 1276 1277
1277 1277 1278
1278 1278 1279
1279 1279 1280
1280 1280 1281
1281 1281 1282
1282 1282 1283
1283 1283 1284
1284 1284 1285
1285 1285 1286
1286 1286 1287
1287 1287 1288
1288 1288 1289
1289 1289 1290
1290 1290 1291
1291 1291 1292
1292 1292 1293
1293 1293 1294
1294 1294 1295
1295 1295 1296
1296 1296 1
