surf file from Luca Mazzotta

1000 points
1000 lines

Points

1 0.0149057528405166 2.9608715794327e-07
2 0.0148115094017497 1.18433694275832e-06
3 0.0147172734042689 2.66471428786552e-06
4 0.0146230485683499 4.7371607505009e-06
5 0.0145288386138281 7.401594514026e-06
6 0.014434647259951 1.06579103911619e-05
7 0.014340478225232 1.45059798281294e-05
8 0.0142463352273034 1.8945650909738e-05
9 0.0141522219827696 2.39767483653747e-05
10 0.0140581422070603 2.95990735759266e-05
11 0.0139640996142839 3.58124045816216e-05
12 0.013870097917081 4.2616496090791e-05
13 0.0137761408264776 5.0011079489552e-05
14 0.0136822320517389 5.79958628524124e-05
15 0.0135883753002223 6.65705309538001e-05
16 0.0134945742772318 7.57347452804974e-05
17 0.0134008326858711 8.54881440450161e-05
18 0.0133071542268978 9.58303421998741e-05
19 0.013213542598577 0.000106760931452795
20 0.0131200014965354 0.000118279480282834
21 0.0130265346136158 0.000130385533957401
22 0.0129331456397304 0.000143078614550232
23 0.0128398382617162 0.000156358220960236
24 0.0127466161631886 0.000170223828931291
25 0.0126534830243965 0.000184674891072935
26 0.0125604425220767 0.000199710836881978
27 0.012467498329309 0.000215331072765031
28 0.0123746541153709 0.000231534982061918
29 0.0122819135455929 0.000248321925070056
30 0.0121892802812141 0.000265691239069669
31 0.0120967579792371 0.00028364223834999
32 0.0120043502922839 0.000302174214236297
33 0.0119120608684518 0.000321286435117921
34 0.0118198933511692 0.000340978146477099
35 0.0117278513790519 0.000361248570918788
36 0.0116359385857593 0.000382096908201343
37 0.0115441585998511 0.000403522335268101
38 0.0114525150446441 0.000425524006279892
39 0.0113610115380689 0.000448101052648413
40 0.0112696516925272 0.000471252583070536
41 0.0111784391147493 0.000494977683563475
42 0.0110873774056515 0.00051927541750089
43 0.0109964701601944 0.000544144825649856
44 0.0109057209672401 0.000569584926208711
45 0.0108151334094116 0.000595594714845856
46 0.0107247110629504 0.000622173164739361
47 0.0106344574975759 0.000649319226617545
48 0.0105443762763445 0.000677031828800356
49 0.0104544709555084 0.00070530987724172
50 0.0103647450843758 0.000734152255572697
51 0.0102752022051704 0.000763557825145581
52 0.0101858458528919 0.000793525425078836
53 0.0100966795551759 0.000824053872302926
54 0.0100077068321552 0.000855141961607035
55 0.00991893119632063 0.000886788465686618
56 0.00983035615238224 0.000918992135191891
57 0.00974198519713111 0.000951751698777116
58 0.00965382181930123 0.000985065863150823
59 0.00956586949943181 0.00101893331312684
60 0.00947813170972983 0.00105335271167623
61 0.00939061191393299 0.00108832269998008
62 0.00930331356717298 0.00112384189748313
63 0.00921624011583905 0.00115990890194828
64 0.00912939499744196 0.00119652228951194
65 0.00904278164047828 0.00123368061474029
66 0.00895640346429506 0.00127138241068624
67 0.00887026387895476 0.00130962618894746
68 0.00878436628510073 0.00134841043972507
69 0.00869871407382291 0.00138773363188325
70 0.00861331062652391 0.00142759421300971
71 0.00852815931478562 0.00146799060947696
72 0.008443263500236 0.00150892122650444
73 0.00835862653441648 0.00155038444822146
74 0.00827425175864951 0.00159237863773105
75 0.0081901425039068 0.00163490213717448
76 0.00810630209067769 0.00167795326779683
77 0.00802273382883812 0.00172153033001317
78 0.00793944101752001 0.0017656316034757
79 0.00785642694498091 0.00181025534714166
80 0.00777369488847427 0.00185539979934205
81 0.00769124811412001 0.0019010631778512
82 0.00760908987677562 0.00194724367995712
83 0.00752722341990763 0.00199393948253265
84 0.00744565197546358 0.00204114874210747
85 0.00736437876374443 0.00208886959494084
86 0.0072834069932774 0.00213710015709522
87 0.00720273986068936 0.00218583852451057
88 0.00712238055058056 0.00223508277307963
89 0.00704233223539899 0.00228483095872375
90 0.00696259807531504 0.00233508111746978
91 0.00688318121809686 0.00238583126552746
92 0.00680408479898597 0.00243707939936787
93 0.00672531194057354 0.00248882349580243
94 0.00664686575267718 0.00254106151206281
95 0.00656874933221804 0.00259379138588158
96 0.00649096576309865 0.00264701103557359
97 0.00641351811608113 0.00270071836011822
98 0.00633640944866598 0.00275491123924224
99 0.00625964280497135 0.0028095875335036
100 0.0061832212156129 0.00286474508437579
101 0.00610714769758411 0.00292038171433317
102 0.00603142525413721 0.00297649522693685
103 0.00595605687466463 0.00303308340692143
104 0.00588104553458091 0.00309014402028247
105 0.00580639419520535 0.00314767481436464
106 0.00573210580364498 0.00320567351795072
107 0.00565818329267831 0.00326413784135118
108 0.00558462958063949 0.00332306547649465
109 0.00551144757130313 0.00338245409701899
110 0.00543864015376966 0.00344230135836316
111 0.00536621020235123 0.00350260489785976
112 0.00529416057645834 0.00356336233482828
113 0.00522249412048681 0.00362457127066918
114 0.00515121366370565 0.00368622928895844
115 0.00508032202014522 0.00374833395554311
116 0.00500982198848622 0.00381088281863727
117 0.0049397163519492 0.00387387340891891
118 0.00487000787818463 0.00393730323962739
119 0.00480069931916371 0.0040011698066616
120 0.00473179341106967 0.00406547058867883
121 0.00466329287418977 0.0041302030471943
122 0.00459520041280792 0.0041953646266814
123 0.00452751871509791 0.00426095275467253
124 0.00446025045301726 0.00432696484186072
125 0.00439339828220178 0.00439339828220179
126 0.00432696484186072 0.00446025045301726
127 0.00426095275467253 0.00452751871509791
128 0.00419536462668139 0.00459520041280793
129 0.0041302030471943 0.00466329287418978
130 0.00406547058867883 0.00473179341106967
131 0.00400116980666159 0.00480069931916372
132 0.00393730323962739 0.00487000787818463
133 0.00387387340891891 0.0049397163519492
134 0.00381088281863727 0.00500982198848623
135 0.0037483339555431 0.00508032202014522
136 0.00368622928895844 0.00515121366370566
137 0.00362457127066917 0.00522249412048682
138 0.00356336233482828 0.00529416057645834
139 0.00350260489785975 0.00536621020235123
140 0.00344230135836316 0.00543864015376966
141 0.00338245409701899 0.00551144757130314
142 0.00332306547649465 0.00558462958063949
143 0.00326413784135118 0.00565818329267831
144 0.00320567351795071 0.00573210580364499
145 0.00314767481436464 0.00580639419520536
146 0.00309014402028247 0.00588104553458092
147 0.00303308340692143 0.00595605687466463
148 0.00297649522693685 0.00603142525413722
149 0.00292038171433317 0.00610714769758411
150 0.00286474508437579 0.0061832212156129
151 0.00280958753350359 0.00625964280497136
152 0.00275491123924224 0.00633640944866599
153 0.00270071836011821 0.00641351811608114
154 0.00264701103557358 0.00649096576309866
155 0.00259379138588157 0.00656874933221804
156 0.00254106151206281 0.00664686575267718
157 0.00248882349580243 0.00672531194057355
158 0.00243707939936787 0.00680408479898596
159 0.00238583126552746 0.00688318121809686
160 0.00233508111746977 0.00696259807531505
161 0.00228483095872375 0.00704233223539899
162 0.00223508277307962 0.00712238055058056
163 0.00218583852451057 0.00720273986068936
164 0.00213710015709522 0.0072834069932774
165 0.00208886959494085 0.00736437876374443
166 0.00204114874210747 0.00744565197546359
167 0.00199393948253265 0.00752722341990764
168 0.00194724367995711 0.00760908987677563
169 0.0019010631778512 0.00769124811412002
170 0.00185539979934204 0.00777369488847427
171 0.00181025534714166 0.00785642694498091
172 0.0017656316034757 0.00793944101752002
173 0.00172153033001317 0.00802273382883812
174 0.00167795326779683 0.00810630209067768
175 0.00163490213717448 0.0081901425039068
176 0.00159237863773105 0.00827425175864951
177 0.00155038444822146 0.00835862653441648
178 0.00150892122650443 0.00844326350023601
179 0.00146799060947696 0.00852815931478562
180 0.00142759421300971 0.00861331062652391
181 0.00138773363188324 0.00869871407382291
182 0.00134841043972507 0.00878436628510074
183 0.00130962618894746 0.00887026387895477
184 0.00127138241068624 0.00895640346429506
185 0.00123368061474028 0.00904278164047829
186 0.00119652228951194 0.00912939499744197
187 0.00115990890194828 0.00921624011583906
188 0.00112384189748313 0.00930331356717299
189 0.00108832269998008 0.00939061191393299
190 0.00105335271167623 0.00947813170972984
191 0.00101893331312683 0.00956586949943182
192 0.000985065863150818 0.00965382181930124
193 0.000951751698777114 0.00974198519713112
194 0.000918992135191889 0.00983035615238224
195 0.000886788465686616 0.00991893119632063
196 0.000855141961607034 0.0100077068321552
197 0.000824053872302928 0.0100966795551759
198 0.000793525425078835 0.0101858458528919
199 0.000763557825145579 0.0102752022051704
200 0.000734152255572695 0.0103647450843758
201 0.000705309877241717 0.0104544709555084
202 0.000677031828800354 0.0105443762763445
203 0.000649319226617544 0.0106344574975759
204 0.000622173164739361 0.0107247110629504
205 0.000595594714845854 0.0108151334094116
206 0.000569584926208711 0.0109057209672401
207 0.000544144825649854 0.0109964701601944
208 0.00051927541750089 0.0110873774056516
209 0.000494977683563473 0.0111784391147493
210 0.000471252583070532 0.0112696516925272
211 0.000448101052648411 0.0113610115380689
212 0.000425524006279892 0.0114525150446441
213 0.000403522335268101 0.0115441585998511
214 0.000382096908201343 0.0116359385857593
215 0.000361248570918788 0.0117278513790519
216 0.000340978146477098 0.0118198933511692
217 0.000321286435117917 0.0119120608684518
218 0.000302174214236297 0.0120043502922839
219 0.000283642238349989 0.0120967579792371
220 0.000265691239069669 0.0121892802812141
221 0.000248321925070054 0.0122819135455929
222 0.000231534982061918 0.0123746541153709
223 0.000215331072765029 0.012467498329309
224 0.000199710836881979 0.0125604425220767
225 0.000184674891072933 0.0126534830243965
226 0.000170223828931289 0.0127466161631886
227 0.000156358220960234 0.0128398382617162
228 0.000143078614550232 0.0129331456397304
229 0.000130385533957401 0.0130265346136158
230 0.000118279480282832 0.0131200014965354
231 0.000106760931452795 0.013213542598577
232 9.58303421998741e-05 0.0133071542268978
233 8.54881440450161e-05 0.0134008326858711
234 7.57347452804974e-05 0.0134945742772318
235 6.65705309538001e-05 0.0135883753002223
236 5.79958628524124e-05 0.0136822320517389
237 5.0011079489552e-05 0.0137761408264776
238 4.2616496090791e-05 0.013870097917081
239 3.58124045816216e-05 0.0139640996142839
240 2.95990735759266e-05 0.0140581422070603
241 2.39767483653747e-05 0.0141522219827696
242 1.8945650909738e-05 0.0142463352273035
243 1.45059798281294e-05 0.014340478225232
244 1.06579103911619e-05 0.014434647259951
245 7.401594514026e-06 0.0145288386138281
246 4.7371607505009e-06 0.0146230485683499
247 2.66471428786552e-06 0.0147172734042689
248 1.18433694275832e-06 0.0148115094017497
249 2.9608715794327e-07 0.0149057528405166
250 0 0.015
251 2.9608715794327e-07 0.0150942471594834
252 1.18433694275832e-06 0.0151884905982503
253 2.66471428786552e-06 0.0152827265957311
254 4.7371607505009e-06 0.0153769514316501
255 7.401594514026e-06 0.0154711613861719
256 1.06579103911619e-05 0.015565352740049
257 1.45059798281294e-05 0.015659521774768
258 1.8945650909738e-05 0.0157536647726965
259 2.39767483653747e-05 0.0158477780172304
260 2.95990735759266e-05 0.0159418577929397
261 3.58124045816216e-05 0.0160359003857161
262 4.2616496090791e-05 0.016129902082919
263 5.0011079489552e-05 0.0162238591735224
264 5.79958628524124e-05 0.0163177679482611
265 6.65705309538001e-05 0.0164116246997777
266 7.57347452804974e-05 0.0165054257227682
267 8.54881440450161e-05 0.0165991673141289
268 9.58303421998741e-05 0.0166928457731022
269 0.000106760931452795 0.016786457401423
270 0.000118279480282834 0.0168799985034646
271 0.000130385533957401 0.0169734653863842
272 0.000143078614550232 0.0170668543602696
273 0.000156358220960236 0.0171601617382838
274 0.000170223828931291 0.0172533838368114
275 0.000184674891072935 0.0173465169756035
276 0.000199710836881979 0.0174395574779233
277 0.000215331072765029 0.017532501670691
278 0.000231534982061918 0.0176253458846291
279 0.000248321925070056 0.0177180864544071
280 0.000265691239069669 0.0178107197187859
281 0.000283642238349989 0.0179032420207629
282 0.000302174214236297 0.0179956497077161
283 0.000321286435117921 0.0180879391315482
284 0.000340978146477098 0.0181801066488308
285 0.00036124857091879 0.0182721486209481
286 0.000382096908201343 0.0183640614142407
287 0.000403522335268101 0.0184558414001489
288 0.000425524006279892 0.0185474849553559
289 0.000448101052648413 0.0186389884619311
290 0.000471252583070534 0.0187303483074728
291 0.000494977683563475 0.0188215608852507
292 0.000519275417500892 0.0189126225943485
293 0.000544144825649856 0.0190035298398056
294 0.000569584926208713 0.0190942790327599
295 0.000595594714845856 0.0191848665905884
296 0.000622173164739361 0.0192752889370496
297 0.000649319226617545 0.0193655425024241
298 0.000677031828800356 0.0194556237236555
299 0.000705309877241719 0.0195455290444916
300 0.000734152255572697 0.0196352549156242
301 0.000763557825145583 0.0197247977948296
302 0.000793525425078836 0.0198141541471081
303 0.000824053872302926 0.0199033204448241
304 0.000855141961607034 0.0199922931678448
305 0.000886788465686618 0.0200810688036794
306 0.000918992135191891 0.0201696438476178
307 0.000951751698777116 0.0202580148028689
308 0.00098506586315082 0.0203461781806988
309 0.00101893331312684 0.0204341305005682
310 0.00105335271167623 0.0205218682902702
311 0.00108832269998008 0.020609388086067
312 0.00112384189748313 0.020696686432827
313 0.00115990890194828 0.020783759884161
314 0.00119652228951194 0.020870605002558
315 0.00123368061474029 0.0209572183595217
316 0.00127138241068624 0.0210435965357049
317 0.00130962618894746 0.0211297361210452
318 0.00134841043972507 0.0212156337148993
319 0.00138773363188325 0.0213012859261771
320 0.00142759421300971 0.0213866893734761
321 0.00146799060947696 0.0214718406852144
322 0.00150892122650443 0.021556736499764
323 0.00155038444822146 0.0216413734655835
324 0.00159237863773104 0.0217257482413505
325 0.00163490213717448 0.0218098574960932
326 0.00167795326779683 0.0218936979093223
327 0.00172153033001317 0.0219772661711619
328 0.0017656316034757 0.02206055898248
329 0.00181025534714166 0.0221435730550191
330 0.00185539979934205 0.0222263051115257
331 0.0019010631778512 0.02230875188588
332 0.00194724367995712 0.0223909101232244
333 0.00199393948253265 0.0224727765800924
334 0.00204114874210747 0.0225543480245364
335 0.00208886959494085 0.0226356212362556
336 0.00213710015709522 0.0227165930067226
337 0.00218583852451057 0.0227972601393106
338 0.00223508277307962 0.0228776194494194
339 0.00228483095872375 0.022957667764601
340 0.00233508111746977 0.0230374019246849
341 0.00238583126552746 0.0231168187819031
342 0.00243707939936788 0.023195915201014
343 0.00248882349580243 0.0232746880594265
344 0.00254106151206281 0.0233531342473228
345 0.00259379138588157 0.023431250667782
346 0.00264701103557359 0.0235090342369013
347 0.00270071836011822 0.0235864818839189
348 0.00275491123924224 0.023663590551334
349 0.00280958753350359 0.0237403571950286
350 0.00286474508437579 0.0238167787843871
351 0.00292038171433317 0.0238928523024159
352 0.00297649522693685 0.0239685747458628
353 0.00303308340692144 0.0240439431253354
354 0.00309014402028247 0.0241189544654191
355 0.00314767481436464 0.0241936058047946
356 0.00320567351795072 0.024267894196355
357 0.00326413784135118 0.0243418167073217
358 0.00332306547649465 0.0244153704193605
359 0.00338245409701899 0.0244885524286969
360 0.00344230135836316 0.0245613598462303
361 0.00350260489785975 0.0246337897976488
362 0.00356336233482828 0.0247058394235417
363 0.00362457127066918 0.0247775058795132
364 0.00368622928895844 0.0248487863362943
365 0.00374833395554311 0.0249196779798548
366 0.00381088281863727 0.0249901780115138
367 0.00387387340891891 0.0250602836480508
368 0.00393730323962739 0.0251299921218154
369 0.0040011698066616 0.0251993006808363
370 0.00406547058867883 0.0252682065889303
371 0.0041302030471943 0.0253367071258102
372 0.0041953646266814 0.0254047995871921
373 0.00426095275467253 0.0254724812849021
374 0.00432696484186072 0.0255397495469827
375 0.00439339828220179 0.0256066017177982
376 0.00446025045301726 0.0256730351581393
377 0.00452751871509791 0.0257390472453275
378 0.00459520041280793 0.0258046353733186
379 0.00466329287418977 0.0258697969528057
380 0.00473179341106967 0.0259345294113212
381 0.00480069931916371 0.0259988301933384
382 0.00487000787818463 0.0260626967603726
383 0.0049397163519492 0.0261261265910811
384 0.00500982198848623 0.0261891171813627
385 0.00508032202014522 0.0262516660444569
386 0.00515121366370566 0.0263137707110416
387 0.00522249412048682 0.0263754287293308
388 0.00529416057645833 0.0264366376651717
389 0.00536621020235124 0.0264973951021403
390 0.00543864015376965 0.0265576986416368
391 0.00551144757130313 0.026617545902981
392 0.00558462958063949 0.0266769345235054
393 0.00565818329267831 0.0267358621586488
394 0.00573210580364498 0.0267943264820493
395 0.00580639419520536 0.0268523251856354
396 0.00588104553458092 0.0269098559797175
397 0.00595605687466463 0.0269669165930786
398 0.00603142525413722 0.0270235047730632
399 0.00610714769758411 0.0270796182856668
400 0.0061832212156129 0.0271352549156242
401 0.00625964280497136 0.0271904124664964
402 0.00633640944866599 0.0272450887607578
403 0.00641351811608114 0.0272992816398818
404 0.00649096576309866 0.0273529889644264
405 0.00656874933221804 0.0274062086141184
406 0.00664686575267718 0.0274589384879372
407 0.00672531194057355 0.0275111765041976
408 0.00680408479898596 0.0275629206006321
409 0.00688318121809686 0.0276141687344725
410 0.00696259807531505 0.0276649188825302
411 0.00704233223539899 0.0277151690412762
412 0.00712238055058056 0.0277649172269204
413 0.00720273986068936 0.0278141614754894
414 0.0072834069932774 0.0278628998429048
415 0.00736437876374443 0.0279111304050592
416 0.00744565197546359 0.0279588512578925
417 0.00752722341990764 0.0280060605174673
418 0.00760908987677563 0.0280527563200429
419 0.00769124811412002 0.0280989368221488
420 0.00777369488847427 0.028144600200658
421 0.00785642694498091 0.0281897446528583
422 0.00793944101752002 0.0282343683965243
423 0.00802273382883812 0.0282784696699868
424 0.00810630209067768 0.0283220467322032
425 0.0081901425039068 0.0283650978628255
426 0.00827425175864952 0.028407621362269
427 0.00835862653441648 0.0284496155517785
428 0.00844326350023601 0.0284910787734956
429 0.00852815931478562 0.028532009390523
430 0.00861331062652391 0.0285724057869903
431 0.00869871407382291 0.0286122663681168
432 0.00878436628510074 0.0286515895602749
433 0.00887026387895477 0.0286903738110525
434 0.00895640346429506 0.0287286175893138
435 0.00904278164047829 0.0287663193852597
436 0.00912939499744196 0.0288034777104881
437 0.00921624011583906 0.0288400910980517
438 0.00930331356717299 0.0288761581025169
439 0.00939061191393299 0.0289116773000199
440 0.00947813170972984 0.0289466472883238
441 0.00956586949943181 0.0289810666868732
442 0.00965382181930124 0.0290149341368492
443 0.00974198519713112 0.0290482483012229
444 0.00983035615238225 0.0290810078648081
445 0.00991893119632063 0.0291132115343134
446 0.0100077068321552 0.029144858038393
447 0.0100966795551759 0.0291759461276971
448 0.0101858458528919 0.0292064745749212
449 0.0102752022051704 0.0292364421748544
450 0.0103647450843758 0.0292658477444273
451 0.0104544709555084 0.0292946901227583
452 0.0105443762763445 0.0293229681711996
453 0.0106344574975759 0.0293506807733825
454 0.0107247110629504 0.0293778268352606
455 0.0108151334094116 0.0294044052851541
456 0.0109057209672401 0.0294304150737913
457 0.0109964701601944 0.0294558551743501
458 0.0110873774056515 0.0294807245824991
459 0.0111784391147493 0.0295050223164365
460 0.0112696516925272 0.0295287474169295
461 0.0113610115380689 0.0295518989473516
462 0.0114525150446441 0.0295744759937201
463 0.0115441585998511 0.0295964776647319
464 0.0116359385857593 0.0296179030917987
465 0.0117278513790519 0.0296387514290812
466 0.0118198933511692 0.0296590218535229
467 0.0119120608684518 0.0296787135648821
468 0.0120043502922839 0.0296978257857637
469 0.0120967579792371 0.02971635776165
470 0.0121892802812141 0.0297343087609303
471 0.0122819135455929 0.0297516780749299
472 0.0123746541153709 0.0297684650179381
473 0.012467498329309 0.029784668927235
474 0.0125604425220767 0.029800289163118
475 0.0126534830243965 0.0298153251089271
476 0.0127466161631886 0.0298297761710687
477 0.0128398382617162 0.0298436417790398
478 0.0129331456397304 0.0298569213854498
479 0.0130265346136158 0.0298696144660426
480 0.0131200014965354 0.0298817205197172
481 0.013213542598577 0.0298932390685472
482 0.0133071542268978 0.0299041696578001
483 0.0134008326858711 0.029914511855955
484 0.0134945742772318 0.0299242652547195
485 0.0135883753002223 0.0299334294690462
486 0.0136822320517389 0.0299420041371476
487 0.0137761408264776 0.0299499889205104
488 0.013870097917081 0.0299573835039092
489 0.0139640996142839 0.0299641875954184
490 0.0140581422070603 0.0299704009264241
491 0.0141522219827696 0.0299760232516346
492 0.0142463352273035 0.0299810543490903
493 0.014340478225232 0.0299854940201719
494 0.014434647259951 0.0299893420896088
495 0.0145288386138281 0.029992598405486
496 0.0146230485683499 0.0299952628392495
497 0.0147172734042689 0.0299973352857121
498 0.0148115094017497 0.0299988156630572
499 0.0149057528405166 0.0299997039128421
500 0.015 0.03
501 0.0150942471594834 0.0299997039128421
502 0.0151884905982503 0.0299988156630572
503 0.0152827265957311 0.0299973352857121
504 0.0153769514316501 0.0299952628392495
505 0.0154711613861719 0.029992598405486
506 0.015565352740049 0.0299893420896088
507 0.015659521774768 0.0299854940201719
508 0.0157536647726965 0.0299810543490903
509 0.0158477780172304 0.0299760232516346
510 0.0159418577929397 0.0299704009264241
511 0.0160359003857161 0.0299641875954184
512 0.016129902082919 0.0299573835039092
513 0.0162238591735224 0.0299499889205104
514 0.0163177679482611 0.0299420041371476
515 0.0164116246997777 0.0299334294690462
516 0.0165054257227682 0.0299242652547195
517 0.0165991673141289 0.029914511855955
518 0.0166928457731022 0.0299041696578001
519 0.016786457401423 0.0298932390685472
520 0.0168799985034646 0.0298817205197172
521 0.0169734653863842 0.0298696144660426
522 0.0170668543602696 0.0298569213854498
523 0.0171601617382838 0.0298436417790398
524 0.0172533838368114 0.0298297761710687
525 0.0173465169756035 0.0298153251089271
526 0.0174395574779233 0.029800289163118
527 0.017532501670691 0.029784668927235
528 0.0176253458846291 0.0297684650179381
529 0.0177180864544071 0.0297516780749299
530 0.0178107197187859 0.0297343087609303
531 0.0179032420207629 0.02971635776165
532 0.0179956497077161 0.0296978257857637
533 0.0180879391315482 0.0296787135648821
534 0.0181801066488308 0.0296590218535229
535 0.0182721486209481 0.0296387514290812
536 0.0183640614142407 0.0296179030917987
537 0.0184558414001489 0.0295964776647319
538 0.0185474849553559 0.0295744759937201
539 0.0186389884619311 0.0295518989473516
540 0.0187303483074728 0.0295287474169295
541 0.0188215608852507 0.0295050223164365
542 0.0189126225943485 0.0294807245824991
543 0.0190035298398056 0.0294558551743501
544 0.0190942790327599 0.0294304150737913
545 0.0191848665905884 0.0294044052851541
546 0.0192752889370496 0.0293778268352606
547 0.0193655425024241 0.0293506807733825
548 0.0194556237236555 0.0293229681711996
549 0.0195455290444916 0.0292946901227583
550 0.0196352549156242 0.0292658477444273
551 0.0197247977948296 0.0292364421748544
552 0.0198141541471081 0.0292064745749212
553 0.0199033204448241 0.0291759461276971
554 0.0199922931678448 0.029144858038393
555 0.0200810688036794 0.0291132115343134
556 0.0201696438476178 0.0290810078648081
557 0.0202580148028689 0.0290482483012229
558 0.0203461781806988 0.0290149341368492
559 0.0204341305005682 0.0289810666868732
560 0.0205218682902702 0.0289466472883238
561 0.020609388086067 0.0289116773000199
562 0.020696686432827 0.0288761581025169
563 0.0207837598841609 0.0288400910980517
564 0.020870605002558 0.0288034777104881
565 0.0209572183595217 0.0287663193852597
566 0.0210435965357049 0.0287286175893138
567 0.0211297361210452 0.0286903738110525
568 0.0212156337148993 0.0286515895602749
569 0.0213012859261771 0.0286122663681168
570 0.0213866893734761 0.0285724057869903
571 0.0214718406852144 0.028532009390523
572 0.021556736499764 0.0284910787734956
573 0.0216413734655835 0.0284496155517785
574 0.0217257482413505 0.028407621362269
575 0.0218098574960932 0.0283650978628255
576 0.0218936979093223 0.0283220467322032
577 0.0219772661711619 0.0282784696699868
578 0.02206055898248 0.0282343683965243
579 0.0221435730550191 0.0281897446528583
580 0.0222263051115257 0.028144600200658
581 0.02230875188588 0.0280989368221488
582 0.0223909101232244 0.0280527563200429
583 0.0224727765800924 0.0280060605174673
584 0.0225543480245364 0.0279588512578925
585 0.0226356212362556 0.0279111304050592
586 0.0227165930067226 0.0278628998429048
587 0.0227972601393106 0.0278141614754894
588 0.0228776194494194 0.0277649172269204
589 0.022957667764601 0.0277151690412762
590 0.023037401924685 0.0276649188825302
591 0.0231168187819031 0.0276141687344725
592 0.023195915201014 0.0275629206006321
593 0.0232746880594265 0.0275111765041976
594 0.0233531342473228 0.0274589384879372
595 0.023431250667782 0.0274062086141184
596 0.0235090342369013 0.0273529889644264
597 0.0235864818839189 0.0272992816398818
598 0.023663590551334 0.0272450887607578
599 0.0237403571950286 0.0271904124664964
600 0.0238167787843871 0.0271352549156242
601 0.0238928523024159 0.0270796182856668
602 0.0239685747458628 0.0270235047730631
603 0.0240439431253354 0.0269669165930786
604 0.0241189544654191 0.0269098559797175
605 0.0241936058047946 0.0268523251856354
606 0.024267894196355 0.0267943264820493
607 0.0243418167073217 0.0267358621586488
608 0.0244153704193605 0.0266769345235054
609 0.0244885524286969 0.026617545902981
610 0.0245613598462303 0.0265576986416368
611 0.0246337897976488 0.0264973951021402
612 0.0247058394235417 0.0264366376651717
613 0.0247775058795132 0.0263754287293308
614 0.0248487863362943 0.0263137707110416
615 0.0249196779798548 0.0262516660444569
616 0.0249901780115138 0.0261891171813627
617 0.0250602836480508 0.0261261265910811
618 0.0251299921218154 0.0260626967603726
619 0.0251993006808363 0.0259988301933384
620 0.0252682065889303 0.0259345294113212
621 0.0253367071258102 0.0258697969528057
622 0.0254047995871921 0.0258046353733186
623 0.0254724812849021 0.0257390472453275
624 0.0255397495469827 0.0256730351581393
625 0.0256066017177982 0.0256066017177982
626 0.0256730351581393 0.0255397495469827
627 0.0257390472453275 0.0254724812849021
628 0.0258046353733186 0.0254047995871921
629 0.0258697969528057 0.0253367071258102
630 0.0259345294113212 0.0252682065889303
631 0.0259988301933384 0.0251993006808363
632 0.0260626967603726 0.0251299921218154
633 0.0261261265910811 0.0250602836480508
634 0.0261891171813627 0.0249901780115138
635 0.0262516660444569 0.0249196779798548
636 0.0263137707110416 0.0248487863362943
637 0.0263754287293308 0.0247775058795132
638 0.0264366376651717 0.0247058394235417
639 0.0264973951021402 0.0246337897976488
640 0.0265576986416368 0.0245613598462303
641 0.026617545902981 0.0244885524286969
642 0.0266769345235053 0.0244153704193605
643 0.0267358621586488 0.0243418167073217
644 0.0267943264820493 0.024267894196355
645 0.0268523251856354 0.0241936058047946
646 0.0269098559797175 0.0241189544654191
647 0.0269669165930786 0.0240439431253354
648 0.0270235047730631 0.0239685747458628
649 0.0270796182856668 0.0238928523024159
650 0.0271352549156242 0.0238167787843871
651 0.0271904124664964 0.0237403571950286
652 0.0272450887607578 0.023663590551334
653 0.0272992816398818 0.0235864818839189
654 0.0273529889644264 0.0235090342369013
655 0.0274062086141184 0.023431250667782
656 0.0274589384879372 0.0233531342473228
657 0.0275111765041976 0.0232746880594265
658 0.0275629206006321 0.023195915201014
659 0.0276141687344725 0.0231168187819031
660 0.0276649188825302 0.023037401924685
661 0.0277151690412762 0.022957667764601
662 0.0277649172269204 0.0228776194494194
663 0.0278141614754894 0.0227972601393106
664 0.0278628998429048 0.0227165930067226
665 0.0279111304050592 0.0226356212362556
666 0.0279588512578925 0.0225543480245364
667 0.0280060605174673 0.0224727765800924
668 0.0280527563200429 0.0223909101232244
669 0.0280989368221488 0.02230875188588
670 0.028144600200658 0.0222263051115257
671 0.0281897446528583 0.0221435730550191
672 0.0282343683965243 0.02206055898248
673 0.0282784696699868 0.0219772661711619
674 0.0283220467322032 0.0218936979093223
675 0.0283650978628255 0.0218098574960932
676 0.028407621362269 0.0217257482413505
677 0.0284496155517785 0.0216413734655835
678 0.0284910787734956 0.021556736499764
679 0.028532009390523 0.0214718406852144
680 0.0285724057869903 0.0213866893734761
681 0.0286122663681167 0.0213012859261771
682 0.0286515895602749 0.0212156337148993
683 0.0286903738110525 0.0211297361210452
684 0.0287286175893138 0.0210435965357049
685 0.0287663193852597 0.0209572183595217
686 0.0288034777104881 0.020870605002558
687 0.0288400910980517 0.0207837598841609
688 0.0288761581025169 0.020696686432827
689 0.0289116773000199 0.020609388086067
690 0.0289466472883238 0.0205218682902702
691 0.0289810666868732 0.0204341305005682
692 0.0290149341368492 0.0203461781806988
693 0.0290482483012229 0.0202580148028689
694 0.0290810078648081 0.0201696438476177
695 0.0291132115343134 0.0200810688036794
696 0.029144858038393 0.0199922931678448
697 0.0291759461276971 0.0199033204448241
698 0.0292064745749212 0.0198141541471081
699 0.0292364421748544 0.0197247977948296
700 0.0292658477444273 0.0196352549156242
701 0.0292946901227583 0.0195455290444916
702 0.0293229681711996 0.0194556237236555
703 0.0293506807733825 0.0193655425024241
704 0.0293778268352606 0.0192752889370497
705 0.0294044052851541 0.0191848665905884
706 0.0294304150737913 0.0190942790327599
707 0.0294558551743501 0.0190035298398056
708 0.0294807245824991 0.0189126225943484
709 0.0295050223164365 0.0188215608852507
710 0.0295287474169295 0.0187303483074728
711 0.0295518989473516 0.0186389884619311
712 0.0295744759937201 0.0185474849553559
713 0.0295964776647319 0.0184558414001489
714 0.0296179030917987 0.0183640614142407
715 0.0296387514290812 0.0182721486209481
716 0.0296590218535229 0.0181801066488308
717 0.0296787135648821 0.0180879391315482
718 0.0296978257857637 0.0179956497077161
719 0.02971635776165 0.0179032420207629
720 0.0297343087609303 0.0178107197187859
721 0.0297516780749299 0.0177180864544071
722 0.0297684650179381 0.0176253458846291
723 0.029784668927235 0.017532501670691
724 0.029800289163118 0.0174395574779232
725 0.0298153251089271 0.0173465169756035
726 0.0298297761710687 0.0172533838368113
727 0.0298436417790398 0.0171601617382838
728 0.0298569213854498 0.0170668543602696
729 0.0298696144660426 0.0169734653863842
730 0.0298817205197172 0.0168799985034646
731 0.0298932390685472 0.016786457401423
732 0.0299041696578001 0.0166928457731022
733 0.029914511855955 0.0165991673141289
734 0.0299242652547195 0.0165054257227682
735 0.0299334294690462 0.0164116246997777
736 0.0299420041371476 0.0163177679482611
737 0.0299499889205104 0.0162238591735224
738 0.0299573835039092 0.016129902082919
739 0.0299641875954184 0.0160359003857161
740 0.0299704009264241 0.0159418577929397
741 0.0299760232516346 0.0158477780172304
742 0.0299810543490903 0.0157536647726965
743 0.0299854940201719 0.015659521774768
744 0.0299893420896088 0.015565352740049
745 0.029992598405486 0.0154711613861719
746 0.0299952628392495 0.0153769514316501
747 0.0299973352857121 0.0152827265957311
748 0.0299988156630572 0.0151884905982503
749 0.0299997039128421 0.0150942471594834
750 0.03 0.015
751 0.0299997039128421 0.0149057528405166
752 0.0299988156630572 0.0148115094017497
753 0.0299973352857121 0.0147172734042689
754 0.0299952628392495 0.0146230485683499
755 0.029992598405486 0.0145288386138281
756 0.0299893420896088 0.014434647259951
757 0.0299854940201719 0.014340478225232
758 0.0299810543490903 0.0142463352273035
759 0.0299760232516346 0.0141522219827696
760 0.0299704009264241 0.0140581422070603
761 0.0299641875954184 0.0139640996142839
762 0.0299573835039092 0.013870097917081
763 0.0299499889205104 0.0137761408264776
764 0.0299420041371476 0.0136822320517389
765 0.0299334294690462 0.0135883753002223
766 0.0299242652547195 0.0134945742772318
767 0.029914511855955 0.0134008326858711
768 0.0299041696578001 0.0133071542268978
769 0.0298932390685472 0.013213542598577
770 0.0298817205197172 0.0131200014965354
771 0.0298696144660426 0.0130265346136158
772 0.0298569213854498 0.0129331456397304
773 0.0298436417790398 0.0128398382617162
774 0.0298297761710687 0.0127466161631886
775 0.0298153251089271 0.0126534830243965
776 0.029800289163118 0.0125604425220768
777 0.029784668927235 0.012467498329309
778 0.0297684650179381 0.0123746541153709
779 0.0297516780749299 0.0122819135455929
780 0.0297343087609303 0.0121892802812141
781 0.02971635776165 0.0120967579792371
782 0.0296978257857637 0.0120043502922839
783 0.0296787135648821 0.0119120608684518
784 0.0296590218535229 0.0118198933511692
785 0.0296387514290812 0.0117278513790519
786 0.0296179030917987 0.0116359385857593
787 0.0295964776647319 0.0115441585998511
788 0.0295744759937201 0.0114525150446441
789 0.0295518989473516 0.0113610115380689
790 0.0295287474169295 0.0112696516925272
791 0.0295050223164365 0.0111784391147493
792 0.0294807245824991 0.0110873774056515
793 0.0294558551743501 0.0109964701601944
794 0.0294304150737913 0.0109057209672401
795 0.0294044052851541 0.0108151334094116
796 0.0293778268352606 0.0107247110629503
797 0.0293506807733825 0.0106344574975759
798 0.0293229681711996 0.0105443762763445
799 0.0292946901227583 0.0104544709555084
800 0.0292658477444273 0.0103647450843758
801 0.0292364421748544 0.0102752022051704
802 0.0292064745749212 0.0101858458528919
803 0.0291759461276971 0.0100966795551759
804 0.029144858038393 0.0100077068321552
805 0.0291132115343134 0.00991893119632063
806 0.0290810078648081 0.00983035615238225
807 0.0290482483012229 0.00974198519713112
808 0.0290149341368492 0.00965382181930123
809 0.0289810666868732 0.00956586949943181
810 0.0289466472883238 0.00947813170972984
811 0.0289116773000199 0.00939061191393299
812 0.0288761581025169 0.00930331356717299
813 0.0288400910980517 0.00921624011583906
814 0.0288034777104881 0.00912939499744195
815 0.0287663193852597 0.00904278164047828
816 0.0287286175893138 0.00895640346429506
817 0.0286903738110525 0.00887026387895477
818 0.0286515895602749 0.00878436628510074
819 0.0286122663681168 0.00869871407382291
820 0.0285724057869903 0.00861331062652391
821 0.028532009390523 0.00852815931478562
822 0.0284910787734956 0.008443263500236
823 0.0284496155517785 0.00835862653441648
824 0.028407621362269 0.00827425175864952
825 0.0283650978628255 0.0081901425039068
826 0.0283220467322032 0.00810630209067768
827 0.0282784696699868 0.00802273382883812
828 0.0282343683965243 0.00793944101752002
829 0.0281897446528583 0.00785642694498091
830 0.028144600200658 0.00777369488847427
831 0.0280989368221488 0.00769124811412002
832 0.0280527563200429 0.00760908987677562
833 0.0280060605174673 0.00752722341990763
834 0.0279588512578925 0.00744565197546359
835 0.0279111304050592 0.00736437876374444
836 0.0278628998429048 0.0072834069932774
837 0.0278141614754894 0.00720273986068936
838 0.0277649172269204 0.00712238055058056
839 0.0277151690412762 0.00704233223539899
840 0.0276649188825302 0.00696259807531505
841 0.0276141687344725 0.00688318121809686
842 0.0275629206006321 0.00680408479898597
843 0.0275111765041976 0.00672531194057355
844 0.0274589384879372 0.00664686575267717
845 0.0274062086141184 0.00656874933221804
846 0.0273529889644264 0.00649096576309866
847 0.0272992816398818 0.00641351811608113
848 0.0272450887607578 0.00633640944866599
849 0.0271904124664964 0.00625964280497136
850 0.0271352549156242 0.0061832212156129
851 0.0270796182856668 0.0061071476975841
852 0.0270235047730631 0.00603142525413722
853 0.0269669165930786 0.00595605687466463
854 0.0269098559797175 0.00588104553458092
855 0.0268523251856354 0.00580639419520535
856 0.0267943264820493 0.00573210580364498
857 0.0267358621586488 0.00565818329267831
858 0.0266769345235053 0.00558462958063949
859 0.026617545902981 0.00551144757130313
860 0.0265576986416368 0.00543864015376966
861 0.0264973951021403 0.00536621020235124
862 0.0264366376651717 0.00529416057645833
863 0.0263754287293308 0.00522249412048682
864 0.0263137707110416 0.00515121366370566
865 0.0262516660444569 0.00508032202014522
866 0.0261891171813627 0.00500982198848623
867 0.0261261265910811 0.0049397163519492
868 0.0260626967603726 0.00487000787818463
869 0.0259988301933384 0.00480069931916371
870 0.0259345294113212 0.00473179341106967
871 0.0258697969528057 0.00466329287418978
872 0.0258046353733186 0.00459520041280793
873 0.0257390472453275 0.00452751871509791
874 0.0256730351581393 0.00446025045301726
875 0.0256066017177982 0.00439339828220179
876 0.0255397495469827 0.00432696484186071
877 0.0254724812849021 0.00426095275467253
878 0.0254047995871921 0.0041953646266814
879 0.0253367071258102 0.00413020304719431
880 0.0252682065889303 0.00406547058867882
881 0.0251993006808363 0.0040011698066616
882 0.0251299921218154 0.00393730323962739
883 0.0250602836480508 0.00387387340891892
884 0.0249901780115138 0.00381088281863727
885 0.0249196779798548 0.00374833395554311
886 0.0248487863362943 0.00368622928895844
887 0.0247775058795132 0.00362457127066917
888 0.0247058394235417 0.00356336233482828
889 0.0246337897976488 0.00350260489785975
890 0.0245613598462304 0.00344230135836317
891 0.0244885524286969 0.00338245409701899
892 0.0244153704193605 0.00332306547649464
893 0.0243418167073217 0.00326413784135118
894 0.024267894196355 0.00320567351795072
895 0.0241936058047946 0.00314767481436464
896 0.0241189544654191 0.00309014402028247
897 0.0240439431253354 0.00303308340692144
898 0.0239685747458628 0.00297649522693685
899 0.0238928523024159 0.00292038171433317
900 0.0238167787843871 0.00286474508437579
901 0.0237403571950286 0.00280958753350359
902 0.023663590551334 0.00275491123924224
903 0.0235864818839189 0.00270071836011822
904 0.0235090342369013 0.00264701103557359
905 0.023431250667782 0.00259379138588157
906 0.0233531342473228 0.00254106151206281
907 0.0232746880594265 0.00248882349580243
908 0.023195915201014 0.00243707939936788
909 0.0231168187819031 0.00238583126552746
910 0.0230374019246849 0.00233508111746977
911 0.022957667764601 0.00228483095872375
912 0.0228776194494194 0.00223508277307962
913 0.0227972601393106 0.00218583852451057
914 0.0227165930067226 0.00213710015709522
915 0.0226356212362556 0.00208886959494085
916 0.0225543480245364 0.00204114874210747
917 0.0224727765800924 0.00199393948253265
918 0.0223909101232244 0.00194724367995711
919 0.02230875188588 0.0019010631778512
920 0.0222263051115257 0.00185539979934204
921 0.0221435730550191 0.00181025534714166
922 0.02206055898248 0.0017656316034757
923 0.0219772661711619 0.00172153033001317
924 0.0218936979093223 0.00167795326779683
925 0.0218098574960932 0.00163490213717448
926 0.0217257482413505 0.00159237863773105
927 0.0216413734655835 0.00155038444822147
928 0.021556736499764 0.00150892122650443
929 0.0214718406852144 0.00146799060947696
930 0.0213866893734761 0.00142759421300971
931 0.0213012859261771 0.00138773363188324
932 0.0212156337148993 0.00134841043972507
933 0.0211297361210452 0.00130962618894746
934 0.0210435965357049 0.00127138241068624
935 0.0209572183595217 0.00123368061474028
936 0.020870605002558 0.00119652228951194
937 0.0207837598841609 0.00115990890194828
938 0.020696686432827 0.00112384189748313
939 0.020609388086067 0.00108832269998008
940 0.0205218682902702 0.00105335271167623
941 0.0204341305005682 0.00101893331312684
942 0.0203461781806988 0.000985065863150816
943 0.0202580148028689 0.000951751698777114
944 0.0201696438476178 0.000918992135191891
945 0.0200810688036794 0.000886788465686621
946 0.0199922931678448 0.00085514196160703
947 0.0199033204448241 0.000824053872302926
948 0.0198141541471081 0.000793525425078836
949 0.0197247977948296 0.000763557825145584
950 0.0196352549156242 0.000734152255572697
951 0.0195455290444916 0.00070530987724172
952 0.0194556237236555 0.000677031828800356
953 0.0193655425024241 0.00064931922661754
954 0.0192752889370496 0.000622173164739361
955 0.0191848665905884 0.000595594714845856
956 0.0190942790327599 0.000569584926208714
957 0.0190035298398056 0.000544144825649854
958 0.0189126225943484 0.00051927541750089
959 0.0188215608852507 0.000494977683563473
960 0.0187303483074728 0.000471252583070534
961 0.0186389884619311 0.000448101052648411
962 0.0185474849553559 0.000425524006279892
963 0.0184558414001489 0.000403522335268104
964 0.0183640614142407 0.00038209690820134
965 0.0182721486209481 0.000361248570918788
966 0.0181801066488308 0.000340978146477098
967 0.0180879391315482 0.000321286435117921
968 0.0179956497077161 0.000302174214236297
969 0.0179032420207629 0.00028364223834999
970 0.0178107197187859 0.000265691239069669
971 0.0177180864544071 0.000248321925070052
972 0.0176253458846291 0.000231534982061918
973 0.017532501670691 0.000215331072765029
974 0.0174395574779233 0.000199710836881981
975 0.0173465169756035 0.000184674891072933
976 0.0172533838368113 0.000170223828931289
977 0.0171601617382838 0.000156358220960236
978 0.0170668543602696 0.000143078614550232
979 0.0169734653863842 0.000130385533957401
980 0.0168799985034646 0.000118279480282834
981 0.0167864574014231 0.000106760931452796
982 0.0166928457731022 9.58303421998724e-05
983 0.0165991673141289 8.54881440450161e-05
984 0.0165054257227682 7.57347452804974e-05
985 0.0164116246997777 6.65705309538001e-05
986 0.0163177679482611 5.79958628524124e-05
987 0.0162238591735224 5.0011079489552e-05
988 0.016129902082919 4.2616496090791e-05
989 0.0160359003857161 3.58124045816216e-05
990 0.0159418577929397 2.95990735759266e-05
991 0.0158477780172304 2.39767483653747e-05
992 0.0157536647726965 1.8945650909738e-05
993 0.015659521774768 1.45059798281294e-05
994 0.015565352740049 1.06579103911603e-05
995 0.0154711613861719 7.401594514026e-06
996 0.0153769514316501 4.7371607505009e-06
997 0.0152827265957311 2.66471428786552e-06
998 0.0151884905982503 1.18433694275832e-06
999 0.0150942471594834 2.9608715794327e-07
1000 0.015 0


Lines

1 1 2
2 2 3
3 3 4
4 4 5
5 5 6
6 6 7
7 7 8
8 8 9
9 9 10
10 10 11
11 11 12
12 12 13
13 13 14
14 14 15
15 15 16
16 16 17
17 17 18
18 18 19
19 19 20
20 20 21
21 21 22
22 22 23
23 23 24
24 24 25
25 25 26
26 26 27
27 27 28
28 28 29
29 29 30
30 30 31
31 31 32
32 32 33
33 33 34
34 34 35
35 35 36
36 36 37
37 37 38
38 38 39
39 39 40
40 40 41
41 41 42
42 42 43
43 43 44
44 44 45
45 45 46
46 46 47
47 47 48
48 48 49
49 49 50
50 50 51
51 51 52
52 52 53
53 53 54
54 54 55
55 55 56
56 56 57
57 57 58
58 58 59
59 59 60
60 60 61
61 61 62
62 62 63
63 63 64
64 64 65
65 65 66
66 66 67
67 67 68
68 68 69
69 69 70
70 70 71
71 71 72
72 72 73
73 73 74
74 74 75
75 75 76
76 76 77
77 77 78
78 78 79
79 79 80
80 80 81
81 81 82
82 82 83
83 83 84
84 84 85
85 85 86
86 86 87
87 87 88
88 88 89
89 89 90
90 90 91
91 91 92
92 92 93
93 93 94
94 94 95
95 95 96
96 96 97
97 97 98
98 98 99
99 99 100
100 100 101
101 101 102
102 102 103
103 103 104
104 104 105
105 105 106
106 106 107
107 107 108
108 108 109
109 109 110
110 110 111
111 111 112
112 112 113
113 113 114
114 114 115
115 115 116
116 116 117
117 117 118
118 118 119
119 119 120
120 120 121
121 121 122
122 122 123
123 123 124
124 124 125
125 125 126
126 126 127
127 127 128
128 128 129
129 129 130
130 130 131
131 131 132
132 132 133
133 133 134
134 134 135
135 135 136
136 136 137
137 137 138
138 138 139
139 139 140
140 140 141
141 141 142
142 142 143
143 143 144
144 144 145
145 145 146
146 146 147
147 147 148
148 148 149
149 149 150
150 150 151
151 151 152
152 152 153
153 153 154
154 154 155
155 155 156
156 156 157
157 157 158
158 158 159
159 159 160
160 160 161
161 161 162
162 162 163
163 163 164
164 164 165
165 165 166
166 166 167
167 167 168
168 168 169
169 169 170
170 170 171
171 171 172
172 172 173
173 173 174
174 174 175
175 175 176
176 176 177
177 177 178
178 178 179
179 179 180
180 180 181
181 181 182
182 182 183
183 183 184
184 184 185
185 185 186
186 186 187
187 187 188
188 188 189
189 189 190
190 190 191
191 191 192
192 192 193
193 193 194
194 194 195
195 195 196
196 196 197
197 197 198
198 198 199
199 199 200
200 200 201
201 201 202
202 202 203
203 203 204
204 204 205
205 205 206
206 206 207
207 207 208
208 208 209
209 209 210
210 210 211
211 211 212
212 212 213
213 213 214
214 214 215
215 215 216
216 216 217
217 217 218
218 218 219
219 219 220
220 220 221
221 221 222
222 222 223
223 223 224
224 224 225
225 225 226
226 226 227
227 227 228
228 228 229
229 229 230
230 230 231
231 231 232
232 232 233
233 233 234
234 234 235
235 235 236
236 236 237
237 237 238
238 238 239
239 239 240
240 240 241
241 241 242
242 242 243
243 243 244
244 244 245
245 245 246
246 246 247
247 247 248
248 248 249
249 249 250
250 250 251
251 251 252
252 252 253
253 253 254
254 254 255
255 255 256
256 256 257
257 257 258
258 258 259
259 259 260
260 260 261
261 261 262
262 262 263
263 263 264
264 264 265
265 265 266
266 266 267
267 267 268
268 268 269
269 269 270
270 270 271
271 271 272
272 272 273
273 273 274
274 274 275
275 275 276
276 276 277
277 277 278
278 278 279
279 279 280
280 280 281
281 281 282
282 282 283
283 283 284
284 284 285
285 285 286
286 286 287
287 287 288
288 288 289
289 289 290
290 290 291
291 291 292
292 292 293
293 293 294
294 294 295
295 295 296
296 296 297
297 297 298
298 298 299
299 299 300
300 300 301
301 301 302
302 302 303
303 303 304
304 304 305
305 305 306
306 306 307
307 307 308
308 308 309
309 309 310
310 310 311
311 311 312
312 312 313
313 313 314
314 314 315
315 315 316
316 316 317
317 317 318
318 318 319
319 319 320
320 320 321
321 321 322
322 322 323
323 323 324
324 324 325
325 325 326
326 326 327
327 327 328
328 328 329
329 329 330
330 330 331
331 331 332
332 332 333
333 333 334
334 334 335
335 335 336
336 336 337
337 337 338
338 338 339
339 339 340
340 340 341
341 341 342
342 342 343
343 343 344
344 344 345
345 345 346
346 346 347
347 347 348
348 348 349
349 349 350
350 350 351
351 351 352
352 352 353
353 353 354
354 354 355
355 355 356
356 356 357
357 357 358
358 358 359
359 359 360
360 360 361
361 361 362
362 362 363
363 363 364
364 364 365
365 365 366
366 366 367
367 367 368
368 368 369
369 369 370
370 370 371
371 371 372
372 372 373
373 373 374
374 374 375
375 375 376
376 376 377
377 377 378
378 378 379
379 379 380
380 380 381
381 381 382
382 382 383
383 383 384
384 384 385
385 385 386
386 386 387
387 387 388
388 388 389
389 389 390
390 390 391
391 391 392
392 392 393
393 393 394
394 394 395
395 395 396
396 396 397
397 397 398
398 398 399
399 399 400
400 400 401
401 401 402
402 402 403
403 403 404
404 404 405
405 405 406
406 406 407
407 407 408
408 408 409
409 409 410
410 410 411
411 411 412
412 412 413
413 413 414
414 414 415
415 415 416
416 416 417
417 417 418
418 418 419
419 419 420
420 420 421
421 421 422
422 422 423
423 423 424
424 424 425
425 425 426
426 426 427
427 427 428
428 428 429
429 429 430
430 430 431
431 431 432
432 432 433
433 433 434
434 434 435
435 435 436
436 436 437
437 437 438
438 438 439
439 439 440
440 440 441
441 441 442
442 442 443
443 443 444
444 444 445
445 445 446
446 446 447
447 447 448
448 448 449
449 449 450
450 450 451
451 451 452
452 452 453
453 453 454
454 454 455
455 455 456
456 456 457
457 457 458
458 458 459
459 459 460
460 460 461
461 461 462
462 462 463
463 463 464
464 464 465
465 465 466
466 466 467
467 467 468
468 468 469
469 469 470
470 470 471
471 471 472
472 472 473
473 473 474
474 474 475
475 475 476
476 476 477
477 477 478
478 478 479
479 479 480
480 480 481
481 481 482
482 482 483
483 483 484
484 484 485
485 485 486
486 486 487
487 487 488
488 488 489
489 489 490
490 490 491
491 491 492
492 492 493
493 493 494
494 494 495
495 495 496
496 496 497
497 497 498
498 498 499
499 499 500
500 500 501
501 501 502
502 502 503
503 503 504
504 504 505
505 505 506
506 506 507
507 507 508
508 508 509
509 509 510
510 510 511
511 511 512
512 512 513
513 513 514
514 514 515
515 515 516
516 516 517
517 517 518
518 518 519
519 519 520
520 520 521
521 521 522
522 522 523
523 523 524
524 524 525
525 525 526
526 526 527
527 527 528
528 528 529
529 529 530
530 530 531
531 531 532
532 532 533
533 533 534
534 534 535
535 535 536
536 536 537
537 537 538
538 538 539
539 539 540
540 540 541
541 541 542
542 542 543
543 543 544
544 544 545
545 545 546
546 546 547
547 547 548
548 548 549
549 549 550
550 550 551
551 551 552
552 552 553
553 553 554
554 554 555
555 555 556
556 556 557
557 557 558
558 558 559
559 559 560
560 560 561
561 561 562
562 562 563
563 563 564
564 564 565
565 565 566
566 566 567
567 567 568
568 568 569
569 569 570
570 570 571
571 571 572
572 572 573
573 573 574
574 574 575
575 575 576
576 576 577
577 577 578
578 578 579
579 579 580
580 580 581
581 581 582
582 582 583
583 583 584
584 584 585
585 585 586
586 586 587
587 587 588
588 588 589
589 589 590
590 590 591
591 591 592
592 592 593
593 593 594
594 594 595
595 595 596
596 596 597
597 597 598
598 598 599
599 599 600
600 600 601
601 601 602
602 602 603
603 603 604
604 604 605
605 605 606
606 606 607
607 607 608
608 608 609
609 609 610
610 610 611
611 611 612
612 612 613
613 613 614
614 614 615
615 615 616
616 616 617
617 617 618
618 618 619
619 619 620
620 620 621
621 621 622
622 622 623
623 623 624
624 624 625
625 625 626
626 626 627
627 627 628
628 628 629
629 629 630
630 630 631
631 631 632
632 632 633
633 633 634
634 634 635
635 635 636
636 636 637
637 637 638
638 638 639
639 639 640
640 640 641
641 641 642
642 642 643
643 643 644
644 644 645
645 645 646
646 646 647
647 647 648
648 648 649
649 649 650
650 650 651
651 651 652
652 652 653
653 653 654
654 654 655
655 655 656
656 656 657
657 657 658
658 658 659
659 659 660
660 660 661
661 661 662
662 662 663
663 663 664
664 664 665
665 665 666
666 666 667
667 667 668
668 668 669
669 669 670
670 670 671
671 671 672
672 672 673
673 673 674
674 674 675
675 675 676
676 676 677
677 677 678
678 678 679
679 679 680
680 680 681
681 681 682
682 682 683
683 683 684
684 684 685
685 685 686
686 686 687
687 687 688
688 688 689
689 689 690
690 690 691
691 691 692
692 692 693
693 693 694
694 694 695
695 695 696
696 696 697
697 697 698
698 698 699
699 699 700
700 700 701
701 701 702
702 702 703
703 703 704
704 704 705
705 705 706
706 706 707
707 707 708
708 708 709
709 709 710
710 710 711
711 711 712
712 712 713
713 713 714
714 714 715
715 715 716
716 716 717
717 717 718
718 718 719
719 719 720
720 720 721
721 721 722
722 722 723
723 723 724
724 724 725
725 725 726
726 726 727
727 727 728
728 728 729
729 729 730
730 730 731
731 731 732
732 732 733
733 733 734
734 734 735
735 735 736
736 736 737
737 737 738
738 738 739
739 739 740
740 740 741
741 741 742
742 742 743
743 743 744
744 744 745
745 745 746
746 746 747
747 747 748
748 748 749
749 749 750
750 750 751
751 751 752
752 752 753
753 753 754
754 754 755
755 755 756
756 756 757
757 757 758
758 758 759
759 759 760
760 760 761
761 761 762
762 762 763
763 763 764
764 764 765
765 765 766
766 766 767
767 767 768
768 768 769
769 769 770
770 770 771
771 771 772
772 772 773
773 773 774
774 774 775
775 775 776
776 776 777
777 777 778
778 778 779
779 779 780
780 780 781
781 781 782
782 782 783
783 783 784
784 784 785
785 785 786
786 786 787
787 787 788
788 788 789
789 789 790
790 790 791
791 791 792
792 792 793
793 793 794
794 794 795
795 795 796
796 796 797
797 797 798
798 798 799
799 799 800
800 800 801
801 801 802
802 802 803
803 803 804
804 804 805
805 805 806
806 806 807
807 807 808
808 808 809
809 809 810
810 810 811
811 811 812
812 812 813
813 813 814
814 814 815
815 815 816
816 816 817
817 817 818
818 818 819
819 819 820
820 820 821
821 821 822
822 822 823
823 823 824
824 824 825
825 825 826
826 826 827
827 827 828
828 828 829
829 829 830
830 830 831
831 831 832
832 832 833
833 833 834
834 834 835
835 835 836
836 836 837
837 837 838
838 838 839
839 839 840
840 840 841
841 841 842
842 842 843
843 843 844
844 844 845
845 845 846
846 846 847
847 847 848
848 848 849
849 849 850
850 850 851
851 851 852
852 852 853
853 853 854
854 854 855
855 855 856
856 856 857
857 857 858
858 858 859
859 859 860
860 860 861
861 861 862
862 862 863
863 863 864
864 864 865
865 865 866
866 866 867
867 867 868
868 868 869
869 869 870
870 870 871
871 871 872
872 872 873
873 873 874
874 874 875
875 875 876
876 876 877
877 877 878
878 878 879
879 879 880
880 880 881
881 881 882
882 882 883
883 883 884
884 884 885
885 885 886
886 886 887
887 887 888
888 888 889
889 889 890
890 890 891
891 891 892
892 892 893
893 893 894
894 894 895
895 895 896
896 896 897
897 897 898
898 898 899
899 899 900
900 900 901
901 901 902
902 902 903
903 903 904
904 904 905
905 905 906
906 906 907
907 907 908
908 908 909
909 909 910
910 910 911
911 911 912
912 912 913
913 913 914
914 914 915
915 915 916
916 916 917
917 917 918
918 918 919
919 919 920
920 920 921
921 921 922
922 922 923
923 923 924
924 924 925
925 925 926
926 926 927
927 927 928
928 928 929
929 929 930
930 930 931
931 931 932
932 932 933
933 933 934
934 934 935
935 935 936
936 936 937
937 937 938
938 938 939
939 939 940
940 940 941
941 941 942
942 942 943
943 943 944
944 944 945
945 945 946
946 946 947
947 947 948
948 948 949
949 949 950
950 950 951
951 951 952
952 952 953
953 953 954
954 954 955
955 955 956
956 956 957
957 957 958
958 958 959
959 959 960
960 960 961
961 961 962
962 962 963
963 963 964
964 964 965
965 965 966
966 966 967
967 967 968
968 968 969
969 969 970
970 970 971
971 971 972
972 972 973
973 973 974
974 974 975
975 975 976
976 976 977
977 977 978
978 978 979
979 979 980
980 980 981
981 981 982
982 982 983
983 983 984
984 984 985
985 985 986
986 986 987
987 987 988
988 988 989
989 989 990
990 990 991
991 991 992
992 992 993
993 993 994
994 994 995
995 995 996
996 996 997
997 997 998
998 998 999
999 999 1000
1000 1000 1