surf file from Luca Mazzotta

1260 points
1260 lines

Points

1 5e-05 0
2 4.5099142983522e-05 2.40763666390154e-07
3 4.02454838991936e-05 9.60735979838484e-07
4 3.54857661372769e-05 2.15298321338956e-06
5 3.08658283817455e-05 3.80602337443567e-06
6 2.64301631587001e-05 5.90393678258225e-06
7 2.22214883490199e-05 8.42651938487274e-06
8 1.82803357918177e-05 1.13494773318632e-05
9 1.46446609406726e-05 1.46446609406726e-05
10 1.13494773318631e-05 1.82803357918177e-05
11 8.42651938487273e-06 2.22214883490199e-05
12 5.90393678258225e-06 2.64301631587001e-05
13 3.80602337443566e-06 3.08658283817455e-05
14 2.15298321338955e-06 3.54857661372769e-05
15 9.60735979838478e-07 4.02454838991936e-05
16 2.40763666390154e-07 4.5099142983522e-05
17 0 5e-05
18 0 0.00015
19 0 0.00025
20 0 0.00035
21 0 0.00045
22 0 0.00055
23 0 0.00065
24 0 0.00075
25 0 0.00085
26 0 0.00095
27 0 0.00105
28 0 0.00115
29 0 0.00125
30 0 0.00135
31 0 0.00145
32 0 0.00155
33 0 0.00165
34 0 0.00175
35 0 0.00185
36 0 0.00195
37 0 0.00205
38 0 0.00215
39 0 0.00225
40 0 0.00235
41 0 0.00245
42 0 0.00255
43 0 0.00265
44 0 0.00275
45 0 0.00285
46 0 0.00295
47 0 0.00305
48 0 0.00315
49 0 0.00325
50 0 0.00335
51 0 0.00345
52 0 0.00355
53 0 0.00365
54 0 0.00375
55 0 0.00385
56 0 0.00395
57 0 0.00405
58 0 0.00415
59 0 0.00425
60 0 0.00435
61 0 0.00445
62 0 0.00455
63 0 0.00465
64 0 0.00475
65 0 0.00485
66 0 0.00495
67 0 0.00505
68 0 0.00515
69 0 0.00525
70 0 0.00535
71 0 0.00545
72 0 0.00555
73 0 0.00565
74 0 0.00575
75 0 0.00585
76 0 0.00595
77 0 0.00605
78 0 0.00615
79 0 0.00625
80 0 0.00635
81 0 0.00645
82 0 0.00655
83 0 0.00665
84 0 0.00675
85 0 0.00685
86 0 0.00695
87 0 0.00705
88 0 0.00715
89 0 0.00725
90 0 0.00735
91 0 0.00745
92 0 0.00755
93 0 0.00765
94 0 0.00775
95 0 0.00785
96 0 0.00795
97 0 0.00805
98 0 0.00815
99 0 0.00825
100 0 0.00835
101 0 0.00845
102 0 0.00855
103 0 0.00865
104 0 0.00875
105 0 0.00885
106 0 0.00895
107 0 0.00905
108 0 0.00915
109 0 0.00925
110 0 0.00935
111 0 0.00945
112 0 0.00955
113 0 0.00965
114 0 0.00975
115 0 0.00985
116 0 0.00995
117 0 0.01005
118 0 0.01015
119 0 0.01025
120 0 0.01035
121 0 0.01045
122 0 0.01055
123 0 0.01065
124 0 0.01075
125 0 0.01085
126 0 0.01095
127 0 0.01105
128 0 0.01115
129 0 0.01125
130 0 0.01135
131 0 0.01145
132 0 0.01155
133 0 0.01165
134 0 0.01175
135 0 0.01185
136 0 0.01195
137 0 0.01205
138 0 0.01215
139 0 0.01225
140 0 0.01235
141 0 0.01245
142 0 0.01255
143 0 0.01265
144 0 0.01275
145 0 0.01285
146 0 0.01295
147 0 0.01305
148 0 0.01315
149 0 0.01325
150 0 0.01335
151 0 0.01345
152 0 0.01355
153 0 0.01365
154 0 0.01375
155 0 0.01385
156 0 0.01395
157 0 0.01405
158 0 0.01415
159 0 0.01425
160 0 0.01435
161 0 0.01445
162 0 0.01455
163 0 0.01465
164 0 0.01475
165 0 0.01485
166 0 0.01495
167 0 0.01505
168 0 0.01515
169 0 0.01525
170 0 0.01535
171 0 0.01545
172 0 0.01555
173 0 0.01565
174 0 0.01575
175 0 0.01585
176 0 0.01595
177 0 0.01605
178 0 0.01615
179 0 0.01625
180 0 0.01635
181 0 0.01645
182 0 0.01655
183 0 0.01665
184 0 0.01675
185 0 0.01685
186 0 0.01695
187 0 0.01705
188 0 0.01715
189 0 0.01725
190 0 0.01735
191 0 0.01745
192 0 0.01755
193 0 0.01765
194 0 0.01775
195 0 0.01785
196 0 0.01795
197 0 0.01805
198 0 0.01815
199 0 0.01825
200 0 0.01835
201 0 0.01845
202 0 0.01855
203 0 0.01865
204 0 0.01875
205 0 0.01885
206 0 0.01895
207 0 0.01905
208 0 0.01915
209 0 0.01925
210 0 0.01935
211 0 0.01945
212 0 0.01955
213 0 0.01965
214 0 0.01975
215 0 0.01985
216 0 0.01995
217 0 0.02005
218 0 0.02015
219 0 0.02025
220 0 0.02035
221 0 0.02045
222 0 0.02055
223 0 0.02065
224 0 0.02075
225 0 0.02085
226 0 0.02095
227 0 0.02105
228 0 0.02115
229 0 0.02125
230 0 0.02135
231 0 0.02145
232 0 0.02155
233 0 0.02165
234 0 0.02175
235 0 0.02185
236 0 0.02195
237 0 0.02205
238 0 0.02215
239 0 0.02225
240 0 0.02235
241 0 0.02245
242 0 0.02255
243 0 0.02265
244 0 0.02275
245 0 0.02285
246 0 0.02295
247 0 0.02305
248 0 0.02315
249 0 0.02325
250 0 0.02335
251 0 0.02345
252 0 0.02355
253 0 0.02365
254 0 0.02375
255 0 0.02385
256 0 0.02395
257 0 0.02405
258 0 0.02415
259 0 0.02425
260 0 0.02435
261 0 0.02445
262 0 0.02455
263 0 0.02465
264 0 0.02475
265 0 0.02485
266 0 0.02495
267 0 0.02505
268 0 0.02515
269 0 0.02525
270 0 0.02535
271 0 0.02545
272 0 0.02555
273 0 0.02565
274 0 0.02575
275 0 0.02585
276 0 0.02595
277 0 0.02605
278 0 0.02615
279 0 0.02625
280 0 0.02635
281 0 0.02645
282 0 0.02655
283 0 0.02665
284 0 0.02675
285 0 0.02685
286 0 0.02695
287 0 0.02705
288 0 0.02715
289 0 0.02725
290 0 0.02735
291 0 0.02745
292 0 0.02755
293 0 0.02765
294 0 0.02775
295 0 0.02785
296 0 0.02795
297 0 0.02805
298 0 0.02815
299 0 0.02825
300 0 0.02835
301 0 0.02845
302 0 0.02855
303 0 0.02865
304 0 0.02875
305 0 0.02885
306 0 0.02895
307 0 0.02905
308 0 0.02915
309 0 0.02925
310 0 0.02935
311 0 0.02945
312 0 0.02955
313 0 0.02965
314 0 0.02975
315 0 0.02985
316 0 0.02995
317 2.40763666390159e-07 0.0299549008570165
318 9.60735979838478e-07 0.0299597545161008
319 2.15298321338956e-06 0.0299645142338627
320 3.80602337443566e-06 0.0299691341716183
321 5.90393678258225e-06 0.0299735698368413
322 8.42651938487273e-06 0.029977778511651
323 1.13494773318632e-05 0.0299817196642082
324 1.46446609406726e-05 0.0299853553390593
325 1.82803357918177e-05 0.0299886505226681
326 2.22214883490199e-05 0.0299915734806151
327 2.64301631587001e-05 0.0299940960632174
328 3.08658283817455e-05 0.0299961939766256
329 3.54857661372769e-05 0.0299978470167866
330 4.02454838991936e-05 0.0299990392640202
331 4.5099142983522e-05 0.0299997592363336
332 5e-05 0.03
333 0.00015 0.03
334 0.00025 0.03
335 0.00035 0.03
336 0.00045 0.03
337 0.00055 0.03
338 0.00065 0.03
339 0.00075 0.03
340 0.00085 0.03
341 0.00095 0.03
342 0.00105 0.03
343 0.00115 0.03
344 0.00125 0.03
345 0.00135 0.03
346 0.00145 0.03
347 0.00155 0.03
348 0.00165 0.03
349 0.00175 0.03
350 0.00185 0.03
351 0.00195 0.03
352 0.00205 0.03
353 0.00215 0.03
354 0.00225 0.03
355 0.00235 0.03
356 0.00245 0.03
357 0.00255 0.03
358 0.00265 0.03
359 0.00275 0.03
360 0.00285 0.03
361 0.00295 0.03
362 0.00305 0.03
363 0.00315 0.03
364 0.00325 0.03
365 0.00335 0.03
366 0.00345 0.03
367 0.00355 0.03
368 0.00365 0.03
369 0.00375 0.03
370 0.00385 0.03
371 0.00395 0.03
372 0.00405 0.03
373 0.00415 0.03
374 0.00425 0.03
375 0.00435 0.03
376 0.00445 0.03
377 0.00455 0.03
378 0.00465 0.03
379 0.00475 0.03
380 0.00485 0.03
381 0.00495 0.03
382 0.00505 0.03
383 0.00515 0.03
384 0.00525 0.03
385 0.00535 0.03
386 0.00545 0.03
387 0.00555 0.03
388 0.00565 0.03
389 0.00575 0.03
390 0.00585 0.03
391 0.00595 0.03
392 0.00605 0.03
393 0.00615 0.03
394 0.00625 0.03
395 0.00635 0.03
396 0.00645 0.03
397 0.00655 0.03
398 0.00665 0.03
399 0.00675 0.03
400 0.00685 0.03
401 0.00695 0.03
402 0.00705 0.03
403 0.00715 0.03
404 0.00725 0.03
405 0.00735 0.03
406 0.00745 0.03
407 0.00755 0.03
408 0.00765 0.03
409 0.00775 0.03
410 0.00785 0.03
411 0.00795 0.03
412 0.00805 0.03
413 0.00815 0.03
414 0.00825 0.03
415 0.00835 0.03
416 0.00845 0.03
417 0.00855 0.03
418 0.00865 0.03
419 0.00875 0.03
420 0.00885 0.03
421 0.00895 0.03
422 0.00905 0.03
423 0.00915 0.03
424 0.00925 0.03
425 0.00935 0.03
426 0.00945 0.03
427 0.00955 0.03
428 0.00965 0.03
429 0.00975 0.03
430 0.00985 0.03
431 0.00995 0.03
432 0.01005 0.03
433 0.01015 0.03
434 0.01025 0.03
435 0.01035 0.03
436 0.01045 0.03
437 0.01055 0.03
438 0.01065 0.03
439 0.01075 0.03
440 0.01085 0.03
441 0.01095 0.03
442 0.01105 0.03
443 0.01115 0.03
444 0.01125 0.03
445 0.01135 0.03
446 0.01145 0.03
447 0.01155 0.03
448 0.01165 0.03
449 0.01175 0.03
450 0.01185 0.03
451 0.01195 0.03
452 0.01205 0.03
453 0.01215 0.03
454 0.01225 0.03
455 0.01235 0.03
456 0.01245 0.03
457 0.01255 0.03
458 0.01265 0.03
459 0.01275 0.03
460 0.01285 0.03
461 0.01295 0.03
462 0.01305 0.03
463 0.01315 0.03
464 0.01325 0.03
465 0.01335 0.03
466 0.01345 0.03
467 0.01355 0.03
468 0.01365 0.03
469 0.01375 0.03
470 0.01385 0.03
471 0.01395 0.03
472 0.01405 0.03
473 0.01415 0.03
474 0.01425 0.03
475 0.01435 0.03
476 0.01445 0.03
477 0.01455 0.03
478 0.01465 0.03
479 0.01475 0.03
480 0.01485 0.03
481 0.01495 0.03
482 0.01505 0.03
483 0.01515 0.03
484 0.01525 0.03
485 0.01535 0.03
486 0.01545 0.03
487 0.01555 0.03
488 0.01565 0.03
489 0.01575 0.03
490 0.01585 0.03
491 0.01595 0.03
492 0.01605 0.03
493 0.01615 0.03
494 0.01625 0.03
495 0.01635 0.03
496 0.01645 0.03
497 0.01655 0.03
498 0.01665 0.03
499 0.01675 0.03
500 0.01685 0.03
501 0.01695 0.03
502 0.01705 0.03
503 0.01715 0.03
504 0.01725 0.03
505 0.01735 0.03
506 0.01745 0.03
507 0.01755 0.03
508 0.01765 0.03
509 0.01775 0.03
510 0.01785 0.03
511 0.01795 0.03
512 0.01805 0.03
513 0.01815 0.03
514 0.01825 0.03
515 0.01835 0.03
516 0.01845 0.03
517 0.01855 0.03
518 0.01865 0.03
519 0.01875 0.03
520 0.01885 0.03
521 0.01895 0.03
522 0.01905 0.03
523 0.01915 0.03
524 0.01925 0.03
525 0.01935 0.03
526 0.01945 0.03
527 0.01955 0.03
528 0.01965 0.03
529 0.01975 0.03
530 0.01985 0.03
531 0.01995 0.03
532 0.02005 0.03
533 0.02015 0.03
534 0.02025 0.03
535 0.02035 0.03
536 0.02045 0.03
537 0.02055 0.03
538 0.02065 0.03
539 0.02075 0.03
540 0.02085 0.03
541 0.02095 0.03
542 0.02105 0.03
543 0.02115 0.03
544 0.02125 0.03
545 0.02135 0.03
546 0.02145 0.03
547 0.02155 0.03
548 0.02165 0.03
549 0.02175 0.03
550 0.02185 0.03
551 0.02195 0.03
552 0.02205 0.03
553 0.02215 0.03
554 0.02225 0.03
555 0.02235 0.03
556 0.02245 0.03
557 0.02255 0.03
558 0.02265 0.03
559 0.02275 0.03
560 0.02285 0.03
561 0.02295 0.03
562 0.02305 0.03
563 0.02315 0.03
564 0.02325 0.03
565 0.02335 0.03
566 0.02345 0.03
567 0.02355 0.03
568 0.02365 0.03
569 0.02375 0.03
570 0.02385 0.03
571 0.02395 0.03
572 0.02405 0.03
573 0.02415 0.03
574 0.02425 0.03
575 0.02435 0.03
576 0.02445 0.03
577 0.02455 0.03
578 0.02465 0.03
579 0.02475 0.03
580 0.02485 0.03
581 0.02495 0.03
582 0.02505 0.03
583 0.02515 0.03
584 0.02525 0.03
585 0.02535 0.03
586 0.02545 0.03
587 0.02555 0.03
588 0.02565 0.03
589 0.02575 0.03
590 0.02585 0.03
591 0.02595 0.03
592 0.02605 0.03
593 0.02615 0.03
594 0.02625 0.03
595 0.02635 0.03
596 0.02645 0.03
597 0.02655 0.03
598 0.02665 0.03
599 0.02675 0.03
600 0.02685 0.03
601 0.02695 0.03
602 0.02705 0.03
603 0.02715 0.03
604 0.02725 0.03
605 0.02735 0.03
606 0.02745 0.03
607 0.02755 0.03
608 0.02765 0.03
609 0.02775 0.03
610 0.02785 0.03
611 0.02795 0.03
612 0.02805 0.03
613 0.02815 0.03
614 0.02825 0.03
615 0.02835 0.03
616 0.02845 0.03
617 0.02855 0.03
618 0.02865 0.03
619 0.02875 0.03
620 0.02885 0.03
621 0.02895 0.03
622 0.02905 0.03
623 0.02915 0.03
624 0.02925 0.03
625 0.02935 0.03
626 0.02945 0.03
627 0.02955 0.03
628 0.02965 0.03
629 0.02975 0.03
630 0.02985 0.03
631 0.02995 0.03
632 0.0299549008570165 0.0299997592363336
633 0.0299597545161008 0.0299990392640202
634 0.0299645142338627 0.0299978470167866
635 0.0299691341716183 0.0299961939766256
636 0.0299735698368413 0.0299940960632174
637 0.029977778511651 0.0299915734806151
638 0.0299817196642082 0.0299886505226681
639 0.0299853553390593 0.0299853553390593
640 0.0299886505226681 0.0299817196642082
641 0.0299915734806151 0.029977778511651
642 0.0299940960632174 0.0299735698368413
643 0.0299961939766256 0.0299691341716183
644 0.0299978470167866 0.0299645142338627
645 0.0299990392640202 0.0299597545161008
646 0.0299997592363336 0.0299549008570165
647 0.03 0.02995
648 0.03 0.02985
649 0.03 0.02975
650 0.03 0.02965
651 0.03 0.02955
652 0.03 0.02945
653 0.03 0.02935
654 0.03 0.02925
655 0.03 0.02915
656 0.03 0.02905
657 0.03 0.02895
658 0.03 0.02885
659 0.03 0.02875
660 0.03 0.02865
661 0.03 0.02855
662 0.03 0.02845
663 0.03 0.02835
664 0.03 0.02825
665 0.03 0.02815
666 0.03 0.02805
667 0.03 0.02795
668 0.03 0.02785
669 0.03 0.02775
670 0.03 0.02765
671 0.03 0.02755
672 0.03 0.02745
673 0.03 0.02735
674 0.03 0.02725
675 0.03 0.02715
676 0.03 0.02705
677 0.03 0.02695
678 0.03 0.02685
679 0.03 0.02675
680 0.03 0.02665
681 0.03 0.02655
682 0.03 0.02645
683 0.03 0.02635
684 0.03 0.02625
685 0.03 0.02615
686 0.03 0.02605
687 0.03 0.02595
688 0.03 0.02585
689 0.03 0.02575
690 0.03 0.02565
691 0.03 0.02555
692 0.03 0.02545
693 0.03 0.02535
694 0.03 0.02525
695 0.03 0.02515
696 0.03 0.02505
697 0.03 0.02495
698 0.03 0.02485
699 0.03 0.02475
700 0.03 0.02465
701 0.03 0.02455
702 0.03 0.02445
703 0.03 0.02435
704 0.03 0.02425
705 0.03 0.02415
706 0.03 0.02405
707 0.03 0.02395
708 0.03 0.02385
709 0.03 0.02375
710 0.03 0.02365
711 0.03 0.02355
712 0.03 0.02345
713 0.03 0.02335
714 0.03 0.02325
715 0.03 0.02315
716 0.03 0.02305
717 0.03 0.02295
718 0.03 0.02285
719 0.03 0.02275
720 0.03 0.02265
721 0.03 0.02255
722 0.03 0.02245
723 0.03 0.02235
724 0.03 0.02225
725 0.03 0.02215
726 0.03 0.02205
727 0.03 0.02195
728 0.03 0.02185
729 0.03 0.02175
730 0.03 0.02165
731 0.03 0.02155
732 0.03 0.02145
733 0.03 0.02135
734 0.03 0.02125
735 0.03 0.02115
736 0.03 0.02105
737 0.03 0.02095
738 0.03 0.02085
739 0.03 0.02075
740 0.03 0.02065
741 0.03 0.02055
742 0.03 0.02045
743 0.03 0.02035
744 0.03 0.02025
745 0.03 0.02015
746 0.03 0.02005
747 0.03 0.01995
748 0.03 0.01985
749 0.03 0.01975
750 0.03 0.01965
751 0.03 0.01955
752 0.03 0.01945
753 0.03 0.01935
754 0.03 0.01925
755 0.03 0.01915
756 0.03 0.01905
757 0.03 0.01895
758 0.03 0.01885
759 0.03 0.01875
760 0.03 0.01865
761 0.03 0.01855
762 0.03 0.01845
763 0.03 0.01835
764 0.03 0.01825
765 0.03 0.01815
766 0.03 0.01805
767 0.03 0.01795
768 0.03 0.01785
769 0.03 0.01775
770 0.03 0.01765
771 0.03 0.01755
772 0.03 0.01745
773 0.03 0.01735
774 0.03 0.01725
775 0.03 0.01715
776 0.03 0.01705
777 0.03 0.01695
778 0.03 0.01685
779 0.03 0.01675
780 0.03 0.01665
781 0.03 0.01655
782 0.03 0.01645
783 0.03 0.01635
784 0.03 0.01625
785 0.03 0.01615
786 0.03 0.01605
787 0.03 0.01595
788 0.03 0.01585
789 0.03 0.01575
790 0.03 0.01565
791 0.03 0.01555
792 0.03 0.01545
793 0.03 0.01535
794 0.03 0.01525
795 0.03 0.01515
796 0.03 0.01505
797 0.03 0.01495
798 0.03 0.01485
799 0.03 0.01475
800 0.03 0.01465
801 0.03 0.01455
802 0.03 0.01445
803 0.03 0.01435
804 0.03 0.01425
805 0.03 0.01415
806 0.03 0.01405
807 0.03 0.01395
808 0.03 0.01385
809 0.03 0.01375
810 0.03 0.01365
811 0.03 0.01355
812 0.03 0.01345
813 0.03 0.01335
814 0.03 0.01325
815 0.03 0.01315
816 0.03 0.01305
817 0.03 0.01295
818 0.03 0.01285
819 0.03 0.01275
820 0.03 0.01265
821 0.03 0.01255
822 0.03 0.01245
823 0.03 0.01235
824 0.03 0.01225
825 0.03 0.01215
826 0.03 0.01205
827 0.03 0.01195
828 0.03 0.01185
829 0.03 0.01175
830 0.03 0.01165
831 0.03 0.01155
832 0.03 0.01145
833 0.03 0.01135
834 0.03 0.01125
835 0.03 0.01115
836 0.03 0.01105
837 0.03 0.01095
838 0.03 0.01085
839 0.03 0.01075
840 0.03 0.01065
841 0.03 0.01055
842 0.03 0.01045
843 0.03 0.01035
844 0.03 0.01025
845 0.03 0.01015
846 0.03 0.01005
847 0.03 0.00995
848 0.03 0.00985
849 0.03 0.00975
850 0.03 0.00965
851 0.03 0.00955
852 0.03 0.00945
853 0.03 0.00935
854 0.03 0.00925
855 0.03 0.00915
856 0.03 0.00905
857 0.03 0.00895
858 0.03 0.00885
859 0.03 0.00875
860 0.03 0.00865
861 0.03 0.00855
862 0.03 0.00845
863 0.03 0.00835
864 0.03 0.00825
865 0.03 0.00815
866 0.03 0.00805
867 0.03 0.00795
868 0.03 0.00785
869 0.03 0.00775
870 0.03 0.00765
871 0.03 0.00755
872 0.03 0.00745
873 0.03 0.00735
874 0.03 0.00725
875 0.03 0.00715
876 0.03 0.00705
877 0.03 0.00695
878 0.03 0.00685
879 0.03 0.00675
880 0.03 0.00665
881 0.03 0.00655
882 0.03 0.00645
883 0.03 0.00635
884 0.03 0.00625
885 0.03 0.00615
886 0.03 0.00605
887 0.03 0.00595
888 0.03 0.00585
889 0.03 0.00575
890 0.03 0.00565
891 0.03 0.00555
892 0.03 0.00545
893 0.03 0.00535
894 0.03 0.00525
895 0.03 0.00515
896 0.03 0.00505
897 0.03 0.00495
898 0.03 0.00485
899 0.03 0.00475
900 0.03 0.00465
901 0.03 0.00455
902 0.03 0.00445
903 0.03 0.00435
904 0.03 0.00425
905 0.03 0.00415
906 0.03 0.00405
907 0.03 0.00395
908 0.03 0.00385
909 0.03 0.00375
910 0.03 0.00365
911 0.03 0.00355
912 0.03 0.00345
913 0.03 0.00335
914 0.03 0.00325
915 0.03 0.00315
916 0.03 0.00305
917 0.03 0.00295
918 0.03 0.00285
919 0.03 0.00275
920 0.03 0.00265
921 0.03 0.00255
922 0.03 0.00245
923 0.03 0.00235
924 0.03 0.00225
925 0.03 0.00215
926 0.03 0.00205
927 0.03 0.00195
928 0.03 0.00185
929 0.03 0.00175
930 0.03 0.00165
931 0.03 0.00155
932 0.03 0.00145
933 0.03 0.00135
934 0.03 0.00125
935 0.03 0.00115
936 0.03 0.00105
937 0.03 0.00095
938 0.03 0.00085
939 0.03 0.00075
940 0.03 0.00065
941 0.03 0.00055
942 0.03 0.00045
943 0.03 0.00035
944 0.03 0.00025
945 0.03 0.00015
946 0.03 5e-05
947 0.0299997592363336 4.5099142983522e-05
948 0.0299990392640202 4.02454838991936e-05
949 0.0299978470167866 3.54857661372769e-05
950 0.0299961939766256 3.08658283817455e-05
951 0.0299940960632174 2.64301631587001e-05
952 0.0299915734806151 2.22214883490199e-05
953 0.0299886505226681 1.82803357918177e-05
954 0.0299853553390593 1.46446609406726e-05
955 0.0299817196642082 1.13494773318632e-05
956 0.029977778511651 8.42651938487273e-06
957 0.0299735698368413 5.90393678258225e-06
958 0.0299691341716183 3.80602337443567e-06
959 0.0299645142338627 2.15298321338955e-06
960 0.0299597545161008 9.60735979838478e-07
961 0.0299549008570165 2.40763666390154e-07
962 0.02995 0
963 0.02985 0
964 0.02975 0
965 0.02965 0
966 0.02955 0
967 0.02945 0
968 0.02935 0
969 0.02925 0
970 0.02915 0
971 0.02905 0
972 0.02895 0
973 0.02885 0
974 0.02875 0
975 0.02865 0
976 0.02855 0
977 0.02845 0
978 0.02835 0
979 0.02825 0
980 0.02815 0
981 0.02805 0
982 0.02795 0
983 0.02785 0
984 0.02775 0
985 0.02765 0
986 0.02755 0
987 0.02745 0
988 0.02735 0
989 0.02725 0
990 0.02715 0
991 0.02705 0
992 0.02695 0
993 0.02685 0
994 0.02675 0
995 0.02665 0
996 0.02655 0
997 0.02645 0
998 0.02635 0
999 0.02625 0
1000 0.02615 0
1001 0.02605 0
1002 0.02595 0
1003 0.02585 0
1004 0.02575 0
1005 0.02565 0
1006 0.02555 0
1007 0.02545 0
1008 0.02535 0
1009 0.02525 0
1010 0.02515 0
1011 0.02505 0
1012 0.02495 0
1013 0.02485 0
1014 0.02475 0
1015 0.02465 0
1016 0.02455 0
1017 0.02445 0
1018 0.02435 0
1019 0.02425 0
1020 0.02415 0
1021 0.02405 0
1022 0.02395 0
1023 0.02385 0
1024 0.02375 0
1025 0.02365 0
1026 0.02355 0
1027 0.02345 0
1028 0.02335 0
1029 0.02325 0
1030 0.02315 0
1031 0.02305 0
1032 0.02295 0
1033 0.02285 0
1034 0.02275 0
1035 0.02265 0
1036 0.02255 0
1037 0.02245 0
1038 0.02235 0
1039 0.02225 0
1040 0.02215 0
1041 0.02205 0
1042 0.02195 0
1043 0.02185 0
1044 0.02175 0
1045 0.02165 0
1046 0.02155 0
1047 0.02145 0
1048 0.02135 0
1049 0.02125 0
1050 0.02115 0
1051 0.02105 0
1052 0.02095 0
1053 0.02085 0
1054 0.02075 0
1055 0.02065 0
1056 0.02055 0
1057 0.02045 0
1058 0.02035 0
1059 0.02025 0
1060 0.02015 0
1061 0.02005 0
1062 0.01995 0
1063 0.01985 0
1064 0.01975 0
1065 0.01965 0
1066 0.01955 0
1067 0.01945 0
1068 0.01935 0
1069 0.01925 0
1070 0.01915 0
1071 0.01905 0
1072 0.01895 0
1073 0.01885 0
1074 0.01875 0
1075 0.01865 0
1076 0.01855 0
1077 0.01845 0
1078 0.01835 0
1079 0.01825 0
1080 0.01815 0
1081 0.01805 0
1082 0.01795 0
1083 0.01785 0
1084 0.01775 0
1085 0.01765 0
1086 0.01755 0
1087 0.01745 0
1088 0.01735 0
1089 0.01725 0
1090 0.01715 0
1091 0.01705 0
1092 0.01695 0
1093 0.01685 0
1094 0.01675 0
1095 0.01665 0
1096 0.01655 0
1097 0.01645 0
1098 0.01635 0
1099 0.01625 0
1100 0.01615 0
1101 0.01605 0
1102 0.01595 0
1103 0.01585 0
1104 0.01575 0
1105 0.01565 0
1106 0.01555 0
1107 0.01545 0
1108 0.01535 0
1109 0.01525 0
1110 0.01515 0
1111 0.01505 0
1112 0.01495 0
1113 0.01485 0
1114 0.01475 0
1115 0.01465 0
1116 0.01455 0
1117 0.01445 0
1118 0.01435 0
1119 0.01425 0
1120 0.01415 0
1121 0.01405 0
1122 0.01395 0
1123 0.01385 0
1124 0.01375 0
1125 0.01365 0
1126 0.01355 0
1127 0.01345 0
1128 0.01335 0
1129 0.01325 0
1130 0.01315 0
1131 0.01305 0
1132 0.01295 0
1133 0.01285 0
1134 0.01275 0
1135 0.01265 0
1136 0.01255 0
1137 0.01245 0
1138 0.01235 0
1139 0.01225 0
1140 0.01215 0
1141 0.01205 0
1142 0.01195 0
1143 0.01185 0
1144 0.01175 0
1145 0.01165 0
1146 0.01155 0
1147 0.01145 0
1148 0.01135 0
1149 0.01125 0
1150 0.01115 0
1151 0.01105 0
1152 0.01095 0
1153 0.01085 0
1154 0.01075 0
1155 0.01065 0
1156 0.01055 0
1157 0.01045 0
1158 0.01035 0
1159 0.01025 0
1160 0.01015 0
1161 0.01005 0
1162 0.00995 0
1163 0.00985 0
1164 0.00975 0
1165 0.00965 0
1166 0.00955 0
1167 0.00945 0
1168 0.00935 0
1169 0.00925 0
1170 0.00915 0
1171 0.00905 0
1172 0.00895 0
1173 0.00885 0
1174 0.00875 0
1175 0.00865 0
1176 0.00855 0
1177 0.00845 0
1178 0.00835 0
1179 0.00825 0
1180 0.00815 0
1181 0.00805 0
1182 0.00795 0
1183 0.00785 0
1184 0.00775 0
1185 0.00765 0
1186 0.00755 0
1187 0.00745 0
1188 0.00735 0
1189 0.00725 0
1190 0.00715 0
1191 0.00705 0
1192 0.00695 0
1193 0.00685 0
1194 0.00675 0
1195 0.00665 0
1196 0.00655 0
1197 0.00645 0
1198 0.00635 0
1199 0.00625 0
1200 0.00615 0
1201 0.00605 0
1202 0.00595 0
1203 0.00585 0
1204 0.00575 0
1205 0.00565 0
1206 0.00555 0
1207 0.00545 0
1208 0.00535 0
1209 0.00525 0
1210 0.00515 0
1211 0.00505 0
1212 0.00495 0
1213 0.00485 0
1214 0.00475 0
1215 0.00465 0
1216 0.00455 0
1217 0.00445 0
1218 0.00435 0
1219 0.00425 0
1220 0.00415 0
1221 0.00405 0
1222 0.00395 0
1223 0.00385 0
1224 0.00375 0
1225 0.00365 0
1226 0.00355 0
1227 0.00345 0
1228 0.00335 0
1229 0.00325 0
1230 0.00315 0
1231 0.00305 0
1232 0.00295 0
1233 0.00285 0
1234 0.00275 0
1235 0.00265 0
1236 0.00255 0
1237 0.00245 0
1238 0.00235 0
1239 0.00225 0
1240 0.00215 0
1241 0.00205 0
1242 0.00195 0
1243 0.00185 0
1244 0.00175 0
1245 0.00165 0
1246 0.00155 0
1247 0.00145 0
1248 0.00135 0
1249 0.00125 0
1250 0.00115 0
1251 0.00105 0
1252 0.00095 0
1253 0.00085 0
1254 0.00075 0
1255 0.00065 0
1256 0.00055 0
1257 0.00045 0
1258 0.00035 0
1259 0.00025 0
1260 0.00015 0


Lines

1 1 2
2 2 3
3 3 4
4 4 5
5 5 6
6 6 7
7 7 8
8 8 9
9 9 10
10 10 11
11 11 12
12 12 13
13 13 14
14 14 15
15 15 16
16 16 17
17 17 18
18 18 19
19 19 20
20 20 21
21 21 22
22 22 23
23 23 24
24 24 25
25 25 26
26 26 27
27 27 28
28 28 29
29 29 30
30 30 31
31 31 32
32 32 33
33 33 34
34 34 35
35 35 36
36 36 37
37 37 38
38 38 39
39 39 40
40 40 41
41 41 42
42 42 43
43 43 44
44 44 45
45 45 46
46 46 47
47 47 48
48 48 49
49 49 50
50 50 51
51 51 52
52 52 53
53 53 54
54 54 55
55 55 56
56 56 57
57 57 58
58 58 59
59 59 60
60 60 61
61 61 62
62 62 63
63 63 64
64 64 65
65 65 66
66 66 67
67 67 68
68 68 69
69 69 70
70 70 71
71 71 72
72 72 73
73 73 74
74 74 75
75 75 76
76 76 77
77 77 78
78 78 79
79 79 80
80 80 81
81 81 82
82 82 83
83 83 84
84 84 85
85 85 86
86 86 87
87 87 88
88 88 89
89 89 90
90 90 91
91 91 92
92 92 93
93 93 94
94 94 95
95 95 96
96 96 97
97 97 98
98 98 99
99 99 100
100 100 101
101 101 102
102 102 103
103 103 104
104 104 105
105 105 106
106 106 107
107 107 108
108 108 109
109 109 110
110 110 111
111 111 112
112 112 113
113 113 114
114 114 115
115 115 116
116 116 117
117 117 118
118 118 119
119 119 120
120 120 121
121 121 122
122 122 123
123 123 124
124 124 125
125 125 126
126 126 127
127 127 128
128 128 129
129 129 130
130 130 131
131 131 132
132 132 133
133 133 134
134 134 135
135 135 136
136 136 137
137 137 138
138 138 139
139 139 140
140 140 141
141 141 142
142 142 143
143 143 144
144 144 145
145 145 146
146 146 147
147 147 148
148 148 149
149 149 150
150 150 151
151 151 152
152 152 153
153 153 154
154 154 155
155 155 156
156 156 157
157 157 158
158 158 159
159 159 160
160 160 161
161 161 162
162 162 163
163 163 164
164 164 165
165 165 166
166 166 167
167 167 168
168 168 169
169 169 170
170 170 171
171 171 172
172 172 173
173 173 174
174 174 175
175 175 176
176 176 177
177 177 178
178 178 179
179 179 180
180 180 181
181 181 182
182 182 183
183 183 184
184 184 185
185 185 186
186 186 187
187 187 188
188 188 189
189 189 190
190 190 191
191 191 192
192 192 193
193 193 194
194 194 195
195 195 196
196 196 197
197 197 198
198 198 199
199 199 200
200 200 201
201 201 202
202 202 203
203 203 204
204 204 205
205 205 206
206 206 207
207 207 208
208 208 209
209 209 210
210 210 211
211 211 212
212 212 213
213 213 214
214 214 215
215 215 216
216 216 217
217 217 218
218 218 219
219 219 220
220 220 221
221 221 222
222 222 223
223 223 224
224 224 225
225 225 226
226 226 227
227 227 228
228 228 229
229 229 230
230 230 231
231 231 232
232 232 233
233 233 234
234 234 235
235 235 236
236 236 237
237 237 238
238 238 239
239 239 240
240 240 241
241 241 242
242 242 243
243 243 244
244 244 245
245 245 246
246 246 247
247 247 248
248 248 249
249 249 250
250 250 251
251 251 252
252 252 253
253 253 254
254 254 255
255 255 256
256 256 257
257 257 258
258 258 259
259 259 260
260 260 261
261 261 262
262 262 263
263 263 264
264 264 265
265 265 266
266 266 267
267 267 268
268 268 269
269 269 270
270 270 271
271 271 272
272 272 273
273 273 274
274 274 275
275 275 276
276 276 277
277 277 278
278 278 279
279 279 280
280 280 281
281 281 282
282 282 283
283 283 284
284 284 285
285 285 286
286 286 287
287 287 288
288 288 289
289 289 290
290 290 291
291 291 292
292 292 293
293 293 294
294 294 295
295 295 296
296 296 297
297 297 298
298 298 299
299 299 300
300 300 301
301 301 302
302 302 303
303 303 304
304 304 305
305 305 306
306 306 307
307 307 308
308 308 309
309 309 310
310 310 311
311 311 312
312 312 313
313 313 314
314 314 315
315 315 316
316 316 317
317 317 318
318 318 319
319 319 320
320 320 321
321 321 322
322 322 323
323 323 324
324 324 325
325 325 326
326 326 327
327 327 328
328 328 329
329 329 330
330 330 331
331 331 332
332 332 333
333 333 334
334 334 335
335 335 336
336 336 337
337 337 338
338 338 339
339 339 340
340 340 341
341 341 342
342 342 343
343 343 344
344 344 345
345 345 346
346 346 347
347 347 348
348 348 349
349 349 350
350 350 351
351 351 352
352 352 353
353 353 354
354 354 355
355 355 356
356 356 357
357 357 358
358 358 359
359 359 360
360 360 361
361 361 362
362 362 363
363 363 364
364 364 365
365 365 366
366 366 367
367 367 368
368 368 369
369 369 370
370 370 371
371 371 372
372 372 373
373 373 374
374 374 375
375 375 376
376 376 377
377 377 378
378 378 379
379 379 380
380 380 381
381 381 382
382 382 383
383 383 384
384 384 385
385 385 386
386 386 387
387 387 388
388 388 389
389 389 390
390 390 391
391 391 392
392 392 393
393 393 394
394 394 395
395 395 396
396 396 397
397 397 398
398 398 399
399 399 400
400 400 401
401 401 402
402 402 403
403 403 404
404 404 405
405 405 406
406 406 407
407 407 408
408 408 409
409 409 410
410 410 411
411 411 412
412 412 413
413 413 414
414 414 415
415 415 416
416 416 417
417 417 418
418 418 419
419 419 420
420 420 421
421 421 422
422 422 423
423 423 424
424 424 425
425 425 426
426 426 427
427 427 428
428 428 429
429 429 430
430 430 431
431 431 432
432 432 433
433 433 434
434 434 435
435 435 436
436 436 437
437 437 438
438 438 439
439 439 440
440 440 441
441 441 442
442 442 443
443 443 444
444 444 445
445 445 446
446 446 447
447 447 448
448 448 449
449 449 450
450 450 451
451 451 452
452 452 453
453 453 454
454 454 455
455 455 456
456 456 457
457 457 458
458 458 459
459 459 460
460 460 461
461 461 462
462 462 463
463 463 464
464 464 465
465 465 466
466 466 467
467 467 468
468 468 469
469 469 470
470 470 471
471 471 472
472 472 473
473 473 474
474 474 475
475 475 476
476 476 477
477 477 478
478 478 479
479 479 480
480 480 481
481 481 482
482 482 483
483 483 484
484 484 485
485 485 486
486 486 487
487 487 488
488 488 489
489 489 490
490 490 491
491 491 492
492 492 493
493 493 494
494 494 495
495 495 496
496 496 497
497 497 498
498 498 499
499 499 500
500 500 501
501 501 502
502 502 503
503 503 504
504 504 505
505 505 506
506 506 507
507 507 508
508 508 509
509 509 510
510 510 511
511 511 512
512 512 513
513 513 514
514 514 515
515 515 516
516 516 517
517 517 518
518 518 519
519 519 520
520 520 521
521 521 522
522 522 523
523 523 524
524 524 525
525 525 526
526 526 527
527 527 528
528 528 529
529 529 530
530 530 531
531 531 532
532 532 533
533 533 534
534 534 535
535 535 536
536 536 537
537 537 538
538 538 539
539 539 540
540 540 541
541 541 542
542 542 543
543 543 544
544 544 545
545 545 546
546 546 547
547 547 548
548 548 549
549 549 550
550 550 551
551 551 552
552 552 553
553 553 554
554 554 555
555 555 556
556 556 557
557 557 558
558 558 559
559 559 560
560 560 561
561 561 562
562 562 563
563 563 564
564 564 565
565 565 566
566 566 567
567 567 568
568 568 569
569 569 570
570 570 571
571 571 572
572 572 573
573 573 574
574 574 575
575 575 576
576 576 577
577 577 578
578 578 579
579 579 580
580 580 581
581 581 582
582 582 583
583 583 584
584 584 585
585 585 586
586 586 587
587 587 588
588 588 589
589 589 590
590 590 591
591 591 592
592 592 593
593 593 594
594 594 595
595 595 596
596 596 597
597 597 598
598 598 599
599 599 600
600 600 601
601 601 602
602 602 603
603 603 604
604 604 605
605 605 606
606 606 607
607 607 608
608 608 609
609 609 610
610 610 611
611 611 612
612 612 613
613 613 614
614 614 615
615 615 616
616 616 617
617 617 618
618 618 619
619 619 620
620 620 621
621 621 622
622 622 623
623 623 624
624 624 625
625 625 626
626 626 627
627 627 628
628 628 629
629 629 630
630 630 631
631 631 632
632 632 633
633 633 634
634 634 635
635 635 636
636 636 637
637 637 638
638 638 639
639 639 640
640 640 641
641 641 642
642 642 643
643 643 644
644 644 645
645 645 646
646 646 647
647 647 648
648 648 649
649 649 650
650 650 651
651 651 652
652 652 653
653 653 654
654 654 655
655 655 656
656 656 657
657 657 658
658 658 659
659 659 660
660 660 661
661 661 662
662 662 663
663 663 664
664 664 665
665 665 666
666 666 667
667 667 668
668 668 669
669 669 670
670 670 671
671 671 672
672 672 673
673 673 674
674 674 675
675 675 676
676 676 677
677 677 678
678 678 679
679 679 680
680 680 681
681 681 682
682 682 683
683 683 684
684 684 685
685 685 686
686 686 687
687 687 688
688 688 689
689 689 690
690 690 691
691 691 692
692 692 693
693 693 694
694 694 695
695 695 696
696 696 697
697 697 698
698 698 699
699 699 700
700 700 701
701 701 702
702 702 703
703 703 704
704 704 705
705 705 706
706 706 707
707 707 708
708 708 709
709 709 710
710 710 711
711 711 712
712 712 713
713 713 714
714 714 715
715 715 716
716 716 717
717 717 718
718 718 719
719 719 720
720 720 721
721 721 722
722 722 723
723 723 724
724 724 725
725 725 726
726 726 727
727 727 728
728 728 729
729 729 730
730 730 731
731 731 732
732 732 733
733 733 734
734 734 735
735 735 736
736 736 737
737 737 738
738 738 739
739 739 740
740 740 741
741 741 742
742 742 743
743 743 744
744 744 745
745 745 746
746 746 747
747 747 748
748 748 749
749 749 750
750 750 751
751 751 752
752 752 753
753 753 754
754 754 755
755 755 756
756 756 757
757 757 758
758 758 759
759 759 760
760 760 761
761 761 762
762 762 763
763 763 764
764 764 765
765 765 766
766 766 767
767 767 768
768 768 769
769 769 770
770 770 771
771 771 772
772 772 773
773 773 774
774 774 775
775 775 776
776 776 777
777 777 778
778 778 779
779 779 780
780 780 781
781 781 782
782 782 783
783 783 784
784 784 785
785 785 786
786 786 787
787 787 788
788 788 789
789 789 790
790 790 791
791 791 792
792 792 793
793 793 794
794 794 795
795 795 796
796 796 797
797 797 798
798 798 799
799 799 800
800 800 801
801 801 802
802 802 803
803 803 804
804 804 805
805 805 806
806 806 807
807 807 808
808 808 809
809 809 810
810 810 811
811 811 812
812 812 813
813 813 814
814 814 815
815 815 816
816 816 817
817 817 818
818 818 819
819 819 820
820 820 821
821 821 822
822 822 823
823 823 824
824 824 825
825 825 826
826 826 827
827 827 828
828 828 829
829 829 830
830 830 831
831 831 832
832 832 833
833 833 834
834 834 835
835 835 836
836 836 837
837 837 838
838 838 839
839 839 840
840 840 841
841 841 842
842 842 843
843 843 844
844 844 845
845 845 846
846 846 847
847 847 848
848 848 849
849 849 850
850 850 851
851 851 852
852 852 853
853 853 854
854 854 855
855 855 856
856 856 857
857 857 858
858 858 859
859 859 860
860 860 861
861 861 862
862 862 863
863 863 864
864 864 865
865 865 866
866 866 867
867 867 868
868 868 869
869 869 870
870 870 871
871 871 872
872 872 873
873 873 874
874 874 875
875 875 876
876 876 877
877 877 878
878 878 879
879 879 880
880 880 881
881 881 882
882 882 883
883 883 884
884 884 885
885 885 886
886 886 887
887 887 888
888 888 889
889 889 890
890 890 891
891 891 892
892 892 893
893 893 894
894 894 895
895 895 896
896 896 897
897 897 898
898 898 899
899 899 900
900 900 901
901 901 902
902 902 903
903 903 904
904 904 905
905 905 906
906 906 907
907 907 908
908 908 909
909 909 910
910 910 911
911 911 912
912 912 913
913 913 914
914 914 915
915 915 916
916 916 917
917 917 918
918 918 919
919 919 920
920 920 921
921 921 922
922 922 923
923 923 924
924 924 925
925 925 926
926 926 927
927 927 928
928 928 929
929 929 930
930 930 931
931 931 932
932 932 933
933 933 934
934 934 935
935 935 936
936 936 937
937 937 938
938 938 939
939 939 940
940 940 941
941 941 942
942 942 943
943 943 944
944 944 945
945 945 946
946 946 947
947 947 948
948 948 949
949 949 950
950 950 951
951 951 952
952 952 953
953 953 954
954 954 955
955 955 956
956 956 957
957 957 958
958 958 959
959 959 960
960 960 961
961 961 962
962 962 963
963 963 964
964 964 965
965 965 966
966 966 967
967 967 968
968 968 969
969 969 970
970 970 971
971 971 972
972 972 973
973 973 974
974 974 975
975 975 976
976 976 977
977 977 978
978 978 979
979 979 980
980 980 981
981 981 982
982 982 983
983 983 984
984 984 985
985 985 986
986 986 987
987 987 988
988 988 989
989 989 990
990 990 991
991 991 992
992 992 993
993 993 994
994 994 995
995 995 996
996 996 997
997 997 998
998 998 999
999 999 1000
1000 1000 1001
1001 1001 1002
1002 1002 1003
1003 1003 1004
1004 1004 1005
1005 1005 1006
1006 1006 1007
1007 1007 1008
1008 1008 1009
1009 1009 1010
1010 1010 1011
1011 1011 1012
1012 1012 1013
1013 1013 1014
1014 1014 1015
1015 1015 1016
1016 1016 1017
1017 1017 1018
1018 1018 1019
1019 1019 1020
1020 1020 1021
1021 1021 1022
1022 1022 1023
1023 1023 1024
1024 1024 1025
1025 1025 1026
1026 1026 1027
1027 1027 1028
1028 1028 1029
1029 1029 1030
1030 1030 1031
1031 1031 1032
1032 1032 1033
1033 1033 1034
1034 1034 1035
1035 1035 1036
1036 1036 1037
1037 1037 1038
1038 1038 1039
1039 1039 1040
1040 1040 1041
1041 1041 1042
1042 1042 1043
1043 1043 1044
1044 1044 1045
1045 1045 1046
1046 1046 1047
1047 1047 1048
1048 1048 1049
1049 1049 1050
1050 1050 1051
1051 1051 1052
1052 1052 1053
1053 1053 1054
1054 1054 1055
1055 1055 1056
1056 1056 1057
1057 1057 1058
1058 1058 1059
1059 1059 1060
1060 1060 1061
1061 1061 1062
1062 1062 1063
1063 1063 1064
1064 1064 1065
1065 1065 1066
1066 1066 1067
1067 1067 1068
1068 1068 1069
1069 1069 1070
1070 1070 1071
1071 1071 1072
1072 1072 1073
1073 1073 1074
1074 1074 1075
1075 1075 1076
1076 1076 1077
1077 1077 1078
1078 1078 1079
1079 1079 1080
1080 1080 1081
1081 1081 1082
1082 1082 1083
1083 1083 1084
1084 1084 1085
1085 1085 1086
1086 1086 1087
1087 1087 1088
1088 1088 1089
1089 1089 1090
1090 1090 1091
1091 1091 1092
1092 1092 1093
1093 1093 1094
1094 1094 1095
1095 1095 1096
1096 1096 1097
1097 1097 1098
1098 1098 1099
1099 1099 1100
1100 1100 1101
1101 1101 1102
1102 1102 1103
1103 1103 1104
1104 1104 1105
1105 1105 1106
1106 1106 1107
1107 1107 1108
1108 1108 1109
1109 1109 1110
1110 1110 1111
1111 1111 1112
1112 1112 1113
1113 1113 1114
1114 1114 1115
1115 1115 1116
1116 1116 1117
1117 1117 1118
1118 1118 1119
1119 1119 1120
1120 1120 1121
1121 1121 1122
1122 1122 1123
1123 1123 1124
1124 1124 1125
1125 1125 1126
1126 1126 1127
1127 1127 1128
1128 1128 1129
1129 1129 1130
1130 1130 1131
1131 1131 1132
1132 1132 1133
1133 1133 1134
1134 1134 1135
1135 1135 1136
1136 1136 1137
1137 1137 1138
1138 1138 1139
1139 1139 1140
1140 1140 1141
1141 1141 1142
1142 1142 1143
1143 1143 1144
1144 1144 1145
1145 1145 1146
1146 1146 1147
1147 1147 1148
1148 1148 1149
1149 1149 1150
1150 1150 1151
1151 1151 1152
1152 1152 1153
1153 1153 1154
1154 1154 1155
1155 1155 1156
1156 1156 1157
1157 1157 1158
1158 1158 1159
1159 1159 1160
1160 1160 1161
1161 1161 1162
1162 1162 1163
1163 1163 1164
1164 1164 1165
1165 1165 1166
1166 1166 1167
1167 1167 1168
1168 1168 1169
1169 1169 1170
1170 1170 1171
1171 1171 1172
1172 1172 1173
1173 1173 1174
1174 1174 1175
1175 1175 1176
1176 1176 1177
1177 1177 1178
1178 1178 1179
1179 1179 1180
1180 1180 1181
1181 1181 1182
1182 1182 1183
1183 1183 1184
1184 1184 1185
1185 1185 1186
1186 1186 1187
1187 1187 1188
1188 1188 1189
1189 1189 1190
1190 1190 1191
1191 1191 1192
1192 1192 1193
1193 1193 1194
1194 1194 1195
1195 1195 1196
1196 1196 1197
1197 1197 1198
1198 1198 1199
1199 1199 1200
1200 1200 1201
1201 1201 1202
1202 1202 1203
1203 1203 1204
1204 1204 1205
1205 1205 1206
1206 1206 1207
1207 1207 1208
1208 1208 1209
1209 1209 1210
1210 1210 1211
1211 1211 1212
1212 1212 1213
1213 1213 1214
1214 1214 1215
1215 1215 1216
1216 1216 1217
1217 1217 1218
1218 1218 1219
1219 1219 1220
1220 1220 1221
1221 1221 1222
1222 1222 1223
1223 1223 1224
1224 1224 1225
1225 1225 1226
1226 1226 1227
1227 1227 1228
1228 1228 1229
1229 1229 1230
1230 1230 1231
1231 1231 1232
1232 1232 1233
1233 1233 1234
1234 1234 1235
1235 1235 1236
1236 1236 1237
1237 1237 1238
1238 1238 1239
1239 1239 1240
1240 1240 1241
1241 1241 1242
1242 1242 1243
1243 1243 1244
1244 1244 1245
1245 1245 1246
1246 1246 1247
1247 1247 1248
1248 1248 1249
1249 1249 1250
1250 1250 1251
1251 1251 1252
1252 1252 1253
1253 1253 1254
1254 1254 1255
1255 1255 1256
1256 1256 1257
1257 1257 1258
1258 1258 1259
1259 1259 1260
1260 1260 1
