surf file from Luca Mazzotta

1200 points
1200 lines

Points

1 0 0
2 0 0.0001
3 0 0.0002
4 0 0.0003
5 0 0.0004
6 0 0.0005
7 0 0.0006
8 0 0.0007
9 0 0.0008
10 0 0.0009
11 0 0.001
12 0 0.0011
13 0 0.0012
14 0 0.0013
15 0 0.0014
16 0 0.0015
17 0 0.0016
18 0 0.0017
19 0 0.0018
20 0 0.0019
21 0 0.002
22 0 0.0021
23 0 0.0022
24 0 0.0023
25 0 0.0024
26 0 0.0025
27 0 0.0026
28 0 0.0027
29 0 0.0028
30 0 0.0029
31 0 0.003
32 0 0.0031
33 0 0.0032
34 0 0.0033
35 0 0.0034
36 0 0.0035
37 0 0.0036
38 0 0.0037
39 0 0.0038
40 0 0.0039
41 0 0.004
42 0 0.0041
43 0 0.0042
44 0 0.0043
45 0 0.0044
46 0 0.0045
47 0 0.0046
48 0 0.0047
49 0 0.0048
50 0 0.0049
51 0 0.005
52 0 0.0051
53 0 0.0052
54 0 0.0053
55 0 0.0054
56 0 0.0055
57 0 0.0056
58 0 0.0057
59 0 0.0058
60 0 0.0059
61 0 0.006
62 0 0.0061
63 0 0.0062
64 0 0.0063
65 0 0.0064
66 0 0.0065
67 0 0.0066
68 0 0.0067
69 0 0.0068
70 0 0.0069
71 0 0.007
72 0 0.0071
73 0 0.0072
74 0 0.0073
75 0 0.0074
76 0 0.0075
77 0 0.0076
78 0 0.0077
79 0 0.0078
80 0 0.0079
81 0 0.008
82 0 0.0081
83 0 0.0082
84 0 0.0083
85 0 0.0084
86 0 0.0085
87 0 0.0086
88 0 0.0087
89 0 0.0088
90 0 0.0089
91 0 0.009
92 0 0.0091
93 0 0.0092
94 0 0.0093
95 0 0.0094
96 0 0.0095
97 0 0.0096
98 0 0.0097
99 0 0.0098
100 0 0.0099
101 0 0.01
102 0 0.0101
103 0 0.0102
104 0 0.0103
105 0 0.0104
106 0 0.0105
107 0 0.0106
108 0 0.0107
109 0 0.0108
110 0 0.0109
111 0 0.011
112 0 0.0111
113 0 0.0112
114 0 0.0113
115 0 0.0114
116 0 0.0115
117 0 0.0116
118 0 0.0117
119 0 0.0118
120 0 0.0119
121 0 0.012
122 0 0.0121
123 0 0.0122
124 0 0.0123
125 0 0.0124
126 0 0.0125
127 0 0.0126
128 0 0.0127
129 0 0.0128
130 0 0.0129
131 0 0.013
132 0 0.0131
133 0 0.0132
134 0 0.0133
135 0 0.0134
136 0 0.0135
137 0 0.0136
138 0 0.0137
139 0 0.0138
140 0 0.0139
141 0 0.014
142 0 0.0141
143 0 0.0142
144 0 0.0143
145 0 0.0144
146 0 0.0145
147 0 0.0146
148 0 0.0147
149 0 0.0148
150 0 0.0149
151 0 0.015
152 0 0.0151
153 0 0.0152
154 0 0.0153
155 0 0.0154
156 0 0.0155
157 0 0.0156
158 0 0.0157
159 0 0.0158
160 0 0.0159
161 0 0.016
162 0 0.0161
163 0 0.0162
164 0 0.0163
165 0 0.0164
166 0 0.0165
167 0 0.0166
168 0 0.0167
169 0 0.0168
170 0 0.0169
171 0 0.017
172 0 0.0171
173 0 0.0172
174 0 0.0173
175 0 0.0174
176 0 0.0175
177 0 0.0176
178 0 0.0177
179 0 0.0178
180 0 0.0179
181 0 0.018
182 0 0.0181
183 0 0.0182
184 0 0.0183
185 0 0.0184
186 0 0.0185
187 0 0.0186
188 0 0.0187
189 0 0.0188
190 0 0.0189
191 0 0.019
192 0 0.0191
193 0 0.0192
194 0 0.0193
195 0 0.0194
196 0 0.0195
197 0 0.0196
198 0 0.0197
199 0 0.0198
200 0 0.0199
201 0 0.02
202 0 0.0201
203 0 0.0202
204 0 0.0203
205 0 0.0204
206 0 0.0205
207 0 0.0206
208 0 0.0207
209 0 0.0208
210 0 0.0209
211 0 0.021
212 0 0.0211
213 0 0.0212
214 0 0.0213
215 0 0.0214
216 0 0.0215
217 0 0.0216
218 0 0.0217
219 0 0.0218
220 0 0.0219
221 0 0.022
222 0 0.0221
223 0 0.0222
224 0 0.0223
225 0 0.0224
226 0 0.0225
227 0 0.0226
228 0 0.0227
229 0 0.0228
230 0 0.0229
231 0 0.023
232 0 0.0231
233 0 0.0232
234 0 0.0233
235 0 0.0234
236 0 0.0235
237 0 0.0236
238 0 0.0237
239 0 0.0238
240 0 0.0239
241 0 0.024
242 0 0.0241
243 0 0.0242
244 0 0.0243
245 0 0.0244
246 0 0.0245
247 0 0.0246
248 0 0.0247
249 0 0.0248
250 0 0.0249
251 0 0.025
252 0 0.0251
253 0 0.0252
254 0 0.0253
255 0 0.0254
256 0 0.0255
257 0 0.0256
258 0 0.0257
259 0 0.0258
260 0 0.0259
261 0 0.026
262 0 0.0261
263 0 0.0262
264 0 0.0263
265 0 0.0264
266 0 0.0265
267 0 0.0266
268 0 0.0267
269 0 0.0268
270 0 0.0269
271 0 0.027
272 0 0.0271
273 0 0.0272
274 0 0.0273
275 0 0.0274
276 0 0.0275
277 0 0.0276
278 0 0.0277
279 0 0.0278
280 0 0.0279
281 0 0.028
282 0 0.0281
283 0 0.0282
284 0 0.0283
285 0 0.0284
286 0 0.0285
287 0 0.0286
288 0 0.0287
289 0 0.0288
290 0 0.0289
291 0 0.029
292 0 0.0291
293 0 0.0292
294 0 0.0293
295 0 0.0294
296 0 0.0295
297 0 0.0296
298 0 0.0297
299 0 0.0298
300 0 0.0299
301 0 0.03
302 0.0001 0.03
303 0.0002 0.03
304 0.0003 0.03
305 0.0004 0.03
306 0.0005 0.03
307 0.0006 0.03
308 0.0007 0.03
309 0.0008 0.03
310 0.0009 0.03
311 0.001 0.03
312 0.0011 0.03
313 0.0012 0.03
314 0.0013 0.03
315 0.0014 0.03
316 0.0015 0.03
317 0.0016 0.03
318 0.0017 0.03
319 0.0018 0.03
320 0.0019 0.03
321 0.002 0.03
322 0.0021 0.03
323 0.0022 0.03
324 0.0023 0.03
325 0.0024 0.03
326 0.0025 0.03
327 0.0026 0.03
328 0.0027 0.03
329 0.0028 0.03
330 0.0029 0.03
331 0.003 0.03
332 0.0031 0.03
333 0.0032 0.03
334 0.0033 0.03
335 0.0034 0.03
336 0.0035 0.03
337 0.0036 0.03
338 0.0037 0.03
339 0.0038 0.03
340 0.0039 0.03
341 0.004 0.03
342 0.0041 0.03
343 0.0042 0.03
344 0.0043 0.03
345 0.0044 0.03
346 0.0045 0.03
347 0.0046 0.03
348 0.0047 0.03
349 0.0048 0.03
350 0.0049 0.03
351 0.005 0.03
352 0.0051 0.03
353 0.0052 0.03
354 0.0053 0.03
355 0.0054 0.03
356 0.0055 0.03
357 0.0056 0.03
358 0.0057 0.03
359 0.0058 0.03
360 0.0059 0.03
361 0.006 0.03
362 0.0061 0.03
363 0.0062 0.03
364 0.0063 0.03
365 0.0064 0.03
366 0.0065 0.03
367 0.0066 0.03
368 0.0067 0.03
369 0.0068 0.03
370 0.0069 0.03
371 0.007 0.03
372 0.0071 0.03
373 0.0072 0.03
374 0.0073 0.03
375 0.0074 0.03
376 0.0075 0.03
377 0.0076 0.03
378 0.0077 0.03
379 0.0078 0.03
380 0.0079 0.03
381 0.008 0.03
382 0.0081 0.03
383 0.0082 0.03
384 0.0083 0.03
385 0.0084 0.03
386 0.0085 0.03
387 0.0086 0.03
388 0.0087 0.03
389 0.0088 0.03
390 0.0089 0.03
391 0.009 0.03
392 0.0091 0.03
393 0.0092 0.03
394 0.0093 0.03
395 0.0094 0.03
396 0.0095 0.03
397 0.0096 0.03
398 0.0097 0.03
399 0.0098 0.03
400 0.0099 0.03
401 0.01 0.03
402 0.0101 0.03
403 0.0102 0.03
404 0.0103 0.03
405 0.0104 0.03
406 0.0105 0.03
407 0.0106 0.03
408 0.0107 0.03
409 0.0108 0.03
410 0.0109 0.03
411 0.011 0.03
412 0.0111 0.03
413 0.0112 0.03
414 0.0113 0.03
415 0.0114 0.03
416 0.0115 0.03
417 0.0116 0.03
418 0.0117 0.03
419 0.0118 0.03
420 0.0119 0.03
421 0.012 0.03
422 0.0121 0.03
423 0.0122 0.03
424 0.0123 0.03
425 0.0124 0.03
426 0.0125 0.03
427 0.0126 0.03
428 0.0127 0.03
429 0.0128 0.03
430 0.0129 0.03
431 0.013 0.03
432 0.0131 0.03
433 0.0132 0.03
434 0.0133 0.03
435 0.0134 0.03
436 0.0135 0.03
437 0.0136 0.03
438 0.0137 0.03
439 0.0138 0.03
440 0.0139 0.03
441 0.014 0.03
442 0.0141 0.03
443 0.0142 0.03
444 0.0143 0.03
445 0.0144 0.03
446 0.0145 0.03
447 0.0146 0.03
448 0.0147 0.03
449 0.0148 0.03
450 0.0149 0.03
451 0.015 0.03
452 0.0151 0.03
453 0.0152 0.03
454 0.0153 0.03
455 0.0154 0.03
456 0.0155 0.03
457 0.0156 0.03
458 0.0157 0.03
459 0.0158 0.03
460 0.0159 0.03
461 0.016 0.03
462 0.0161 0.03
463 0.0162 0.03
464 0.0163 0.03
465 0.0164 0.03
466 0.0165 0.03
467 0.0166 0.03
468 0.0167 0.03
469 0.0168 0.03
470 0.0169 0.03
471 0.017 0.03
472 0.0171 0.03
473 0.0172 0.03
474 0.0173 0.03
475 0.0174 0.03
476 0.0175 0.03
477 0.0176 0.03
478 0.0177 0.03
479 0.0178 0.03
480 0.0179 0.03
481 0.018 0.03
482 0.0181 0.03
483 0.0182 0.03
484 0.0183 0.03
485 0.0184 0.03
486 0.0185 0.03
487 0.0186 0.03
488 0.0187 0.03
489 0.0188 0.03
490 0.0189 0.03
491 0.019 0.03
492 0.0191 0.03
493 0.0192 0.03
494 0.0193 0.03
495 0.0194 0.03
496 0.0195 0.03
497 0.0196 0.03
498 0.0197 0.03
499 0.0198 0.03
500 0.0199 0.03
501 0.02 0.03
502 0.0201 0.03
503 0.0202 0.03
504 0.0203 0.03
505 0.0204 0.03
506 0.0205 0.03
507 0.0206 0.03
508 0.0207 0.03
509 0.0208 0.03
510 0.0209 0.03
511 0.021 0.03
512 0.0211 0.03
513 0.0212 0.03
514 0.0213 0.03
515 0.0214 0.03
516 0.0215 0.03
517 0.0216 0.03
518 0.0217 0.03
519 0.0218 0.03
520 0.0219 0.03
521 0.022 0.03
522 0.0221 0.03
523 0.0222 0.03
524 0.0223 0.03
525 0.0224 0.03
526 0.0225 0.03
527 0.0226 0.03
528 0.0227 0.03
529 0.0228 0.03
530 0.0229 0.03
531 0.023 0.03
532 0.0231 0.03
533 0.0232 0.03
534 0.0233 0.03
535 0.0234 0.03
536 0.0235 0.03
537 0.0236 0.03
538 0.0237 0.03
539 0.0238 0.03
540 0.0239 0.03
541 0.024 0.03
542 0.0241 0.03
543 0.0242 0.03
544 0.0243 0.03
545 0.0244 0.03
546 0.0245 0.03
547 0.0246 0.03
548 0.0247 0.03
549 0.0248 0.03
550 0.0249 0.03
551 0.025 0.03
552 0.0251 0.03
553 0.0252 0.03
554 0.0253 0.03
555 0.0254 0.03
556 0.0255 0.03
557 0.0256 0.03
558 0.0257 0.03
559 0.0258 0.03
560 0.0259 0.03
561 0.026 0.03
562 0.0261 0.03
563 0.0262 0.03
564 0.0263 0.03
565 0.0264 0.03
566 0.0265 0.03
567 0.0266 0.03
568 0.0267 0.03
569 0.0268 0.03
570 0.0269 0.03
571 0.027 0.03
572 0.0271 0.03
573 0.0272 0.03
574 0.0273 0.03
575 0.0274 0.03
576 0.0275 0.03
577 0.0276 0.03
578 0.0277 0.03
579 0.0278 0.03
580 0.0279 0.03
581 0.028 0.03
582 0.0281 0.03
583 0.0282 0.03
584 0.0283 0.03
585 0.0284 0.03
586 0.0285 0.03
587 0.0286 0.03
588 0.0287 0.03
589 0.0288 0.03
590 0.0289 0.03
591 0.029 0.03
592 0.0291 0.03
593 0.0292 0.03
594 0.0293 0.03
595 0.0294 0.03
596 0.0295 0.03
597 0.0296 0.03
598 0.0297 0.03
599 0.0298 0.03
600 0.0299 0.03
601 0.03 0.03
602 0.03 0.0299
603 0.03 0.0298
604 0.03 0.0297
605 0.03 0.0296
606 0.03 0.0295
607 0.03 0.0294
608 0.03 0.0293
609 0.03 0.0292
610 0.03 0.0291
611 0.03 0.029
612 0.03 0.0289
613 0.03 0.0288
614 0.03 0.0287
615 0.03 0.0286
616 0.03 0.0285
617 0.03 0.0284
618 0.03 0.0283
619 0.03 0.0282
620 0.03 0.0281
621 0.03 0.028
622 0.03 0.0279
623 0.03 0.0278
624 0.03 0.0277
625 0.03 0.0276
626 0.03 0.0275
627 0.03 0.0274
628 0.03 0.0273
629 0.03 0.0272
630 0.03 0.0271
631 0.03 0.027
632 0.03 0.0269
633 0.03 0.0268
634 0.03 0.0267
635 0.03 0.0266
636 0.03 0.0265
637 0.03 0.0264
638 0.03 0.0263
639 0.03 0.0262
640 0.03 0.0261
641 0.03 0.026
642 0.03 0.0259
643 0.03 0.0258
644 0.03 0.0257
645 0.03 0.0256
646 0.03 0.0255
647 0.03 0.0254
648 0.03 0.0253
649 0.03 0.0252
650 0.03 0.0251
651 0.03 0.025
652 0.03 0.0249
653 0.03 0.0248
654 0.03 0.0247
655 0.03 0.0246
656 0.03 0.0245
657 0.03 0.0244
658 0.03 0.0243
659 0.03 0.0242
660 0.03 0.0241
661 0.03 0.024
662 0.03 0.0239
663 0.03 0.0238
664 0.03 0.0237
665 0.03 0.0236
666 0.03 0.0235
667 0.03 0.0234
668 0.03 0.0233
669 0.03 0.0232
670 0.03 0.0231
671 0.03 0.023
672 0.03 0.0229
673 0.03 0.0228
674 0.03 0.0227
675 0.03 0.0226
676 0.03 0.0225
677 0.03 0.0224
678 0.03 0.0223
679 0.03 0.0222
680 0.03 0.0221
681 0.03 0.022
682 0.03 0.0219
683 0.03 0.0218
684 0.03 0.0217
685 0.03 0.0216
686 0.03 0.0215
687 0.03 0.0214
688 0.03 0.0213
689 0.03 0.0212
690 0.03 0.0211
691 0.03 0.021
692 0.03 0.0209
693 0.03 0.0208
694 0.03 0.0207
695 0.03 0.0206
696 0.03 0.0205
697 0.03 0.0204
698 0.03 0.0203
699 0.03 0.0202
700 0.03 0.0201
701 0.03 0.02
702 0.03 0.0199
703 0.03 0.0198
704 0.03 0.0197
705 0.03 0.0196
706 0.03 0.0195
707 0.03 0.0194
708 0.03 0.0193
709 0.03 0.0192
710 0.03 0.0191
711 0.03 0.019
712 0.03 0.0189
713 0.03 0.0188
714 0.03 0.0187
715 0.03 0.0186
716 0.03 0.0185
717 0.03 0.0184
718 0.03 0.0183
719 0.03 0.0182
720 0.03 0.0181
721 0.03 0.018
722 0.03 0.0179
723 0.03 0.0178
724 0.03 0.0177
725 0.03 0.0176
726 0.03 0.0175
727 0.03 0.0174
728 0.03 0.0173
729 0.03 0.0172
730 0.03 0.0171
731 0.03 0.017
732 0.03 0.0169
733 0.03 0.0168
734 0.03 0.0167
735 0.03 0.0166
736 0.03 0.0165
737 0.03 0.0164
738 0.03 0.0163
739 0.03 0.0162
740 0.03 0.0161
741 0.03 0.016
742 0.03 0.0159
743 0.03 0.0158
744 0.03 0.0157
745 0.03 0.0156
746 0.03 0.0155
747 0.03 0.0154
748 0.03 0.0153
749 0.03 0.0152
750 0.03 0.0151
751 0.03 0.015
752 0.03 0.0149
753 0.03 0.0148
754 0.03 0.0147
755 0.03 0.0146
756 0.03 0.0145
757 0.03 0.0144
758 0.03 0.0143
759 0.03 0.0142
760 0.03 0.0141
761 0.03 0.014
762 0.03 0.0139
763 0.03 0.0138
764 0.03 0.0137
765 0.03 0.0136
766 0.03 0.0135
767 0.03 0.0134
768 0.03 0.0133
769 0.03 0.0132
770 0.03 0.0131
771 0.03 0.013
772 0.03 0.0129
773 0.03 0.0128
774 0.03 0.0127
775 0.03 0.0126
776 0.03 0.0125
777 0.03 0.0124
778 0.03 0.0123
779 0.03 0.0122
780 0.03 0.0121
781 0.03 0.012
782 0.03 0.0119
783 0.03 0.0118
784 0.03 0.0117
785 0.03 0.0116
786 0.03 0.0115
787 0.03 0.0114
788 0.03 0.0113
789 0.03 0.0112
790 0.03 0.0111
791 0.03 0.011
792 0.03 0.0109
793 0.03 0.0108
794 0.03 0.0107
795 0.03 0.0106
796 0.03 0.0105
797 0.03 0.0104
798 0.03 0.0103
799 0.03 0.0102
800 0.03 0.0101
801 0.03 0.01
802 0.03 0.0099
803 0.03 0.0098
804 0.03 0.0097
805 0.03 0.0096
806 0.03 0.0095
807 0.03 0.0094
808 0.03 0.0093
809 0.03 0.0092
810 0.03 0.0091
811 0.03 0.009
812 0.03 0.0089
813 0.03 0.0088
814 0.03 0.0087
815 0.03 0.0086
816 0.03 0.0085
817 0.03 0.0084
818 0.03 0.0083
819 0.03 0.0082
820 0.03 0.0081
821 0.03 0.008
822 0.03 0.0079
823 0.03 0.0078
824 0.03 0.0077
825 0.03 0.0076
826 0.03 0.0075
827 0.03 0.0074
828 0.03 0.0073
829 0.03 0.0072
830 0.03 0.0071
831 0.03 0.007
832 0.03 0.0069
833 0.03 0.0068
834 0.03 0.0067
835 0.03 0.0066
836 0.03 0.0065
837 0.03 0.0064
838 0.03 0.0063
839 0.03 0.0062
840 0.03 0.0061
841 0.03 0.006
842 0.03 0.0059
843 0.03 0.0058
844 0.03 0.0057
845 0.03 0.0056
846 0.03 0.0055
847 0.03 0.0054
848 0.03 0.0053
849 0.03 0.0052
850 0.03 0.0051
851 0.03 0.005
852 0.03 0.0049
853 0.03 0.0048
854 0.03 0.0047
855 0.03 0.0046
856 0.03 0.0045
857 0.03 0.0044
858 0.03 0.0043
859 0.03 0.0042
860 0.03 0.0041
861 0.03 0.004
862 0.03 0.0039
863 0.03 0.0038
864 0.03 0.0037
865 0.03 0.0036
866 0.03 0.0035
867 0.03 0.0034
868 0.03 0.0033
869 0.03 0.0032
870 0.03 0.0031
871 0.03 0.003
872 0.03 0.0029
873 0.03 0.0028
874 0.03 0.0027
875 0.03 0.0026
876 0.03 0.0025
877 0.03 0.0024
878 0.03 0.0023
879 0.03 0.0022
880 0.03 0.0021
881 0.03 0.002
882 0.03 0.0019
883 0.03 0.0018
884 0.03 0.0017
885 0.03 0.0016
886 0.03 0.0015
887 0.03 0.0014
888 0.03 0.0013
889 0.03 0.0012
890 0.03 0.0011
891 0.03 0.001
892 0.03 0.0009
893 0.03 0.0008
894 0.03 0.0007
895 0.03 0.0006
896 0.03 0.0005
897 0.03 0.0004
898 0.03 0.0003
899 0.03 0.0002
900 0.03 0.0001
901 0.03 0
902 0.0299 0
903 0.0298 0
904 0.0297 0
905 0.0296 0
906 0.0295 0
907 0.0294 0
908 0.0293 0
909 0.0292 0
910 0.0291 0
911 0.029 0
912 0.0289 0
913 0.0288 0
914 0.0287 0
915 0.0286 0
916 0.0285 0
917 0.0284 0
918 0.0283 0
919 0.0282 0
920 0.0281 0
921 0.028 0
922 0.0279 0
923 0.0278 0
924 0.0277 0
925 0.0276 0
926 0.0275 0
927 0.0274 0
928 0.0273 0
929 0.0272 0
930 0.0271 0
931 0.027 0
932 0.0269 0
933 0.0268 0
934 0.0267 0
935 0.0266 0
936 0.0265 0
937 0.0264 0
938 0.0263 0
939 0.0262 0
940 0.0261 0
941 0.026 0
942 0.0259 0
943 0.0258 0
944 0.0257 0
945 0.0256 0
946 0.0255 0
947 0.0254 0
948 0.0253 0
949 0.0252 0
950 0.0251 0
951 0.025 0
952 0.0249 0
953 0.0248 0
954 0.0247 0
955 0.0246 0
956 0.0245 0
957 0.0244 0
958 0.0243 0
959 0.0242 0
960 0.0241 0
961 0.024 0
962 0.0239 0
963 0.0238 0
964 0.0237 0
965 0.0236 0
966 0.0235 0
967 0.0234 0
968 0.0233 0
969 0.0232 0
970 0.0231 0
971 0.023 0
972 0.0229 0
973 0.0228 0
974 0.0227 0
975 0.0226 0
976 0.0225 0
977 0.0224 0
978 0.0223 0
979 0.0222 0
980 0.0221 0
981 0.022 0
982 0.0219 0
983 0.0218 0
984 0.0217 0
985 0.0216 0
986 0.0215 0
987 0.0214 0
988 0.0213 0
989 0.0212 0
990 0.0211 0
991 0.021 0
992 0.0209 0
993 0.0208 0
994 0.0207 0
995 0.0206 0
996 0.0205 0
997 0.0204 0
998 0.0203 0
999 0.0202 0
1000 0.0201 0
1001 0.02 0
1002 0.0199 0
1003 0.0198 0
1004 0.0197 0
1005 0.0196 0
1006 0.0195 0
1007 0.0194 0
1008 0.0193 0
1009 0.0192 0
1010 0.0191 0
1011 0.019 0
1012 0.0189 0
1013 0.0188 0
1014 0.0187 0
1015 0.0186 0
1016 0.0185 0
1017 0.0184 0
1018 0.0183 0
1019 0.0182 0
1020 0.0181 0
1021 0.018 0
1022 0.0179 0
1023 0.0178 0
1024 0.0177 0
1025 0.0176 0
1026 0.0175 0
1027 0.0174 0
1028 0.0173 0
1029 0.0172 0
1030 0.0171 0
1031 0.017 0
1032 0.0169 0
1033 0.0168 0
1034 0.0167 0
1035 0.0166 0
1036 0.0165 0
1037 0.0164 0
1038 0.0163 0
1039 0.0162 0
1040 0.0161 0
1041 0.016 0
1042 0.0159 0
1043 0.0158 0
1044 0.0157 0
1045 0.0156 0
1046 0.0155 0
1047 0.0154 0
1048 0.0153 0
1049 0.0152 0
1050 0.0151 0
1051 0.015 0
1052 0.0149 0
1053 0.0148 0
1054 0.0147 0
1055 0.0146 0
1056 0.0145 0
1057 0.0144 0
1058 0.0143 0
1059 0.0142 0
1060 0.0141 0
1061 0.014 0
1062 0.0139 0
1063 0.0138 0
1064 0.0137 0
1065 0.0136 0
1066 0.0135 0
1067 0.0134 0
1068 0.0133 0
1069 0.0132 0
1070 0.0131 0
1071 0.013 0
1072 0.0129 0
1073 0.0128 0
1074 0.0127 0
1075 0.0126 0
1076 0.0125 0
1077 0.0124 0
1078 0.0123 0
1079 0.0122 0
1080 0.0121 0
1081 0.012 0
1082 0.0119 0
1083 0.0118 0
1084 0.0117 0
1085 0.0116 0
1086 0.0115 0
1087 0.0114 0
1088 0.0113 0
1089 0.0112 0
1090 0.0111 0
1091 0.011 0
1092 0.0109 0
1093 0.0108 0
1094 0.0107 0
1095 0.0106 0
1096 0.0105 0
1097 0.0104 0
1098 0.0103 0
1099 0.0102 0
1100 0.0101 0
1101 0.01 0
1102 0.0099 0
1103 0.0098 0
1104 0.0097 0
1105 0.0096 0
1106 0.0095 0
1107 0.0094 0
1108 0.0093 0
1109 0.0092 0
1110 0.0091 0
1111 0.009 0
1112 0.0089 0
1113 0.0088 0
1114 0.0087 0
1115 0.0086 0
1116 0.0085 0
1117 0.0084 0
1118 0.0083 0
1119 0.0082 0
1120 0.0081 0
1121 0.008 0
1122 0.0079 0
1123 0.0078 0
1124 0.0077 0
1125 0.0076 0
1126 0.0075 0
1127 0.0074 0
1128 0.0073 0
1129 0.0072 0
1130 0.0071 0
1131 0.007 0
1132 0.0069 0
1133 0.0068 0
1134 0.0067 0
1135 0.0066 0
1136 0.0065 0
1137 0.0064 0
1138 0.0063 0
1139 0.0062 0
1140 0.0061 0
1141 0.006 0
1142 0.0059 0
1143 0.0058 0
1144 0.0057 0
1145 0.0056 0
1146 0.0055 0
1147 0.0054 0
1148 0.0053 0
1149 0.0052 0
1150 0.0051 0
1151 0.005 0
1152 0.0049 0
1153 0.0048 0
1154 0.0047 0
1155 0.0046 0
1156 0.0045 0
1157 0.0044 0
1158 0.0043 0
1159 0.0042 0
1160 0.0041 0
1161 0.004 0
1162 0.0039 0
1163 0.0038 0
1164 0.0037 0
1165 0.0036 0
1166 0.0035 0
1167 0.0034 0
1168 0.0033 0
1169 0.0032 0
1170 0.0031 0
1171 0.003 0
1172 0.0029 0
1173 0.0028 0
1174 0.0027 0
1175 0.0026 0
1176 0.0025 0
1177 0.0024 0
1178 0.0023 0
1179 0.0022 0
1180 0.0021 0
1181 0.002 0
1182 0.0019 0
1183 0.0018 0
1184 0.0017 0
1185 0.0016 0
1186 0.0015 0
1187 0.0014 0
1188 0.0013 0
1189 0.0012 0
1190 0.0011 0
1191 0.001 0
1192 0.0009 0
1193 0.0008 0
1194 0.0007 0
1195 0.0006 0
1196 0.0005 0
1197 0.0004 0
1198 0.0003 0
1199 0.0002 0
1200 0.0001 0


Lines

1 1 2
2 2 3
3 3 4
4 4 5
5 5 6
6 6 7
7 7 8
8 8 9
9 9 10
10 10 11
11 11 12
12 12 13
13 13 14
14 14 15
15 15 16
16 16 17
17 17 18
18 18 19
19 19 20
20 20 21
21 21 22
22 22 23
23 23 24
24 24 25
25 25 26
26 26 27
27 27 28
28 28 29
29 29 30
30 30 31
31 31 32
32 32 33
33 33 34
34 34 35
35 35 36
36 36 37
37 37 38
38 38 39
39 39 40
40 40 41
41 41 42
42 42 43
43 43 44
44 44 45
45 45 46
46 46 47
47 47 48
48 48 49
49 49 50
50 50 51
51 51 52
52 52 53
53 53 54
54 54 55
55 55 56
56 56 57
57 57 58
58 58 59
59 59 60
60 60 61
61 61 62
62 62 63
63 63 64
64 64 65
65 65 66
66 66 67
67 67 68
68 68 69
69 69 70
70 70 71
71 71 72
72 72 73
73 73 74
74 74 75
75 75 76
76 76 77
77 77 78
78 78 79
79 79 80
80 80 81
81 81 82
82 82 83
83 83 84
84 84 85
85 85 86
86 86 87
87 87 88
88 88 89
89 89 90
90 90 91
91 91 92
92 92 93
93 93 94
94 94 95
95 95 96
96 96 97
97 97 98
98 98 99
99 99 100
100 100 101
101 101 102
102 102 103
103 103 104
104 104 105
105 105 106
106 106 107
107 107 108
108 108 109
109 109 110
110 110 111
111 111 112
112 112 113
113 113 114
114 114 115
115 115 116
116 116 117
117 117 118
118 118 119
119 119 120
120 120 121
121 121 122
122 122 123
123 123 124
124 124 125
125 125 126
126 126 127
127 127 128
128 128 129
129 129 130
130 130 131
131 131 132
132 132 133
133 133 134
134 134 135
135 135 136
136 136 137
137 137 138
138 138 139
139 139 140
140 140 141
141 141 142
142 142 143
143 143 144
144 144 145
145 145 146
146 146 147
147 147 148
148 148 149
149 149 150
150 150 151
151 151 152
152 152 153
153 153 154
154 154 155
155 155 156
156 156 157
157 157 158
158 158 159
159 159 160
160 160 161
161 161 162
162 162 163
163 163 164
164 164 165
165 165 166
166 166 167
167 167 168
168 168 169
169 169 170
170 170 171
171 171 172
172 172 173
173 173 174
174 174 175
175 175 176
176 176 177
177 177 178
178 178 179
179 179 180
180 180 181
181 181 182
182 182 183
183 183 184
184 184 185
185 185 186
186 186 187
187 187 188
188 188 189
189 189 190
190 190 191
191 191 192
192 192 193
193 193 194
194 194 195
195 195 196
196 196 197
197 197 198
198 198 199
199 199 200
200 200 201
201 201 202
202 202 203
203 203 204
204 204 205
205 205 206
206 206 207
207 207 208
208 208 209
209 209 210
210 210 211
211 211 212
212 212 213
213 213 214
214 214 215
215 215 216
216 216 217
217 217 218
218 218 219
219 219 220
220 220 221
221 221 222
222 222 223
223 223 224
224 224 225
225 225 226
226 226 227
227 227 228
228 228 229
229 229 230
230 230 231
231 231 232
232 232 233
233 233 234
234 234 235
235 235 236
236 236 237
237 237 238
238 238 239
239 239 240
240 240 241
241 241 242
242 242 243
243 243 244
244 244 245
245 245 246
246 246 247
247 247 248
248 248 249
249 249 250
250 250 251
251 251 252
252 252 253
253 253 254
254 254 255
255 255 256
256 256 257
257 257 258
258 258 259
259 259 260
260 260 261
261 261 262
262 262 263
263 263 264
264 264 265
265 265 266
266 266 267
267 267 268
268 268 269
269 269 270
270 270 271
271 271 272
272 272 273
273 273 274
274 274 275
275 275 276
276 276 277
277 277 278
278 278 279
279 279 280
280 280 281
281 281 282
282 282 283
283 283 284
284 284 285
285 285 286
286 286 287
287 287 288
288 288 289
289 289 290
290 290 291
291 291 292
292 292 293
293 293 294
294 294 295
295 295 296
296 296 297
297 297 298
298 298 299
299 299 300
300 300 301
301 301 302
302 302 303
303 303 304
304 304 305
305 305 306
306 306 307
307 307 308
308 308 309
309 309 310
310 310 311
311 311 312
312 312 313
313 313 314
314 314 315
315 315 316
316 316 317
317 317 318
318 318 319
319 319 320
320 320 321
321 321 322
322 322 323
323 323 324
324 324 325
325 325 326
326 326 327
327 327 328
328 328 329
329 329 330
330 330 331
331 331 332
332 332 333
333 333 334
334 334 335
335 335 336
336 336 337
337 337 338
338 338 339
339 339 340
340 340 341
341 341 342
342 342 343
343 343 344
344 344 345
345 345 346
346 346 347
347 347 348
348 348 349
349 349 350
350 350 351
351 351 352
352 352 353
353 353 354
354 354 355
355 355 356
356 356 357
357 357 358
358 358 359
359 359 360
360 360 361
361 361 362
362 362 363
363 363 364
364 364 365
365 365 366
366 366 367
367 367 368
368 368 369
369 369 370
370 370 371
371 371 372
372 372 373
373 373 374
374 374 375
375 375 376
376 376 377
377 377 378
378 378 379
379 379 380
380 380 381
381 381 382
382 382 383
383 383 384
384 384 385
385 385 386
386 386 387
387 387 388
388 388 389
389 389 390
390 390 391
391 391 392
392 392 393
393 393 394
394 394 395
395 395 396
396 396 397
397 397 398
398 398 399
399 399 400
400 400 401
401 401 402
402 402 403
403 403 404
404 404 405
405 405 406
406 406 407
407 407 408
408 408 409
409 409 410
410 410 411
411 411 412
412 412 413
413 413 414
414 414 415
415 415 416
416 416 417
417 417 418
418 418 419
419 419 420
420 420 421
421 421 422
422 422 423
423 423 424
424 424 425
425 425 426
426 426 427
427 427 428
428 428 429
429 429 430
430 430 431
431 431 432
432 432 433
433 433 434
434 434 435
435 435 436
436 436 437
437 437 438
438 438 439
439 439 440
440 440 441
441 441 442
442 442 443
443 443 444
444 444 445
445 445 446
446 446 447
447 447 448
448 448 449
449 449 450
450 450 451
451 451 452
452 452 453
453 453 454
454 454 455
455 455 456
456 456 457
457 457 458
458 458 459
459 459 460
460 460 461
461 461 462
462 462 463
463 463 464
464 464 465
465 465 466
466 466 467
467 467 468
468 468 469
469 469 470
470 470 471
471 471 472
472 472 473
473 473 474
474 474 475
475 475 476
476 476 477
477 477 478
478 478 479
479 479 480
480 480 481
481 481 482
482 482 483
483 483 484
484 484 485
485 485 486
486 486 487
487 487 488
488 488 489
489 489 490
490 490 491
491 491 492
492 492 493
493 493 494
494 494 495
495 495 496
496 496 497
497 497 498
498 498 499
499 499 500
500 500 501
501 501 502
502 502 503
503 503 504
504 504 505
505 505 506
506 506 507
507 507 508
508 508 509
509 509 510
510 510 511
511 511 512
512 512 513
513 513 514
514 514 515
515 515 516
516 516 517
517 517 518
518 518 519
519 519 520
520 520 521
521 521 522
522 522 523
523 523 524
524 524 525
525 525 526
526 526 527
527 527 528
528 528 529
529 529 530
530 530 531
531 531 532
532 532 533
533 533 534
534 534 535
535 535 536
536 536 537
537 537 538
538 538 539
539 539 540
540 540 541
541 541 542
542 542 543
543 543 544
544 544 545
545 545 546
546 546 547
547 547 548
548 548 549
549 549 550
550 550 551
551 551 552
552 552 553
553 553 554
554 554 555
555 555 556
556 556 557
557 557 558
558 558 559
559 559 560
560 560 561
561 561 562
562 562 563
563 563 564
564 564 565
565 565 566
566 566 567
567 567 568
568 568 569
569 569 570
570 570 571
571 571 572
572 572 573
573 573 574
574 574 575
575 575 576
576 576 577
577 577 578
578 578 579
579 579 580
580 580 581
581 581 582
582 582 583
583 583 584
584 584 585
585 585 586
586 586 587
587 587 588
588 588 589
589 589 590
590 590 591
591 591 592
592 592 593
593 593 594
594 594 595
595 595 596
596 596 597
597 597 598
598 598 599
599 599 600
600 600 601
601 601 602
602 602 603
603 603 604
604 604 605
605 605 606
606 606 607
607 607 608
608 608 609
609 609 610
610 610 611
611 611 612
612 612 613
613 613 614
614 614 615
615 615 616
616 616 617
617 617 618
618 618 619
619 619 620
620 620 621
621 621 622
622 622 623
623 623 624
624 624 625
625 625 626
626 626 627
627 627 628
628 628 629
629 629 630
630 630 631
631 631 632
632 632 633
633 633 634
634 634 635
635 635 636
636 636 637
637 637 638
638 638 639
639 639 640
640 640 641
641 641 642
642 642 643
643 643 644
644 644 645
645 645 646
646 646 647
647 647 648
648 648 649
649 649 650
650 650 651
651 651 652
652 652 653
653 653 654
654 654 655
655 655 656
656 656 657
657 657 658
658 658 659
659 659 660
660 660 661
661 661 662
662 662 663
663 663 664
664 664 665
665 665 666
666 666 667
667 667 668
668 668 669
669 669 670
670 670 671
671 671 672
672 672 673
673 673 674
674 674 675
675 675 676
676 676 677
677 677 678
678 678 679
679 679 680
680 680 681
681 681 682
682 682 683
683 683 684
684 684 685
685 685 686
686 686 687
687 687 688
688 688 689
689 689 690
690 690 691
691 691 692
692 692 693
693 693 694
694 694 695
695 695 696
696 696 697
697 697 698
698 698 699
699 699 700
700 700 701
701 701 702
702 702 703
703 703 704
704 704 705
705 705 706
706 706 707
707 707 708
708 708 709
709 709 710
710 710 711
711 711 712
712 712 713
713 713 714
714 714 715
715 715 716
716 716 717
717 717 718
718 718 719
719 719 720
720 720 721
721 721 722
722 722 723
723 723 724
724 724 725
725 725 726
726 726 727
727 727 728
728 728 729
729 729 730
730 730 731
731 731 732
732 732 733
733 733 734
734 734 735
735 735 736
736 736 737
737 737 738
738 738 739
739 739 740
740 740 741
741 741 742
742 742 743
743 743 744
744 744 745
745 745 746
746 746 747
747 747 748
748 748 749
749 749 750
750 750 751
751 751 752
752 752 753
753 753 754
754 754 755
755 755 756
756 756 757
757 757 758
758 758 759
759 759 760
760 760 761
761 761 762
762 762 763
763 763 764
764 764 765
765 765 766
766 766 767
767 767 768
768 768 769
769 769 770
770 770 771
771 771 772
772 772 773
773 773 774
774 774 775
775 775 776
776 776 777
777 777 778
778 778 779
779 779 780
780 780 781
781 781 782
782 782 783
783 783 784
784 784 785
785 785 786
786 786 787
787 787 788
788 788 789
789 789 790
790 790 791
791 791 792
792 792 793
793 793 794
794 794 795
795 795 796
796 796 797
797 797 798
798 798 799
799 799 800
800 800 801
801 801 802
802 802 803
803 803 804
804 804 805
805 805 806
806 806 807
807 807 808
808 808 809
809 809 810
810 810 811
811 811 812
812 812 813
813 813 814
814 814 815
815 815 816
816 816 817
817 817 818
818 818 819
819 819 820
820 820 821
821 821 822
822 822 823
823 823 824
824 824 825
825 825 826
826 826 827
827 827 828
828 828 829
829 829 830
830 830 831
831 831 832
832 832 833
833 833 834
834 834 835
835 835 836
836 836 837
837 837 838
838 838 839
839 839 840
840 840 841
841 841 842
842 842 843
843 843 844
844 844 845
845 845 846
846 846 847
847 847 848
848 848 849
849 849 850
850 850 851
851 851 852
852 852 853
853 853 854
854 854 855
855 855 856
856 856 857
857 857 858
858 858 859
859 859 860
860 860 861
861 861 862
862 862 863
863 863 864
864 864 865
865 865 866
866 866 867
867 867 868
868 868 869
869 869 870
870 870 871
871 871 872
872 872 873
873 873 874
874 874 875
875 875 876
876 876 877
877 877 878
878 878 879
879 879 880
880 880 881
881 881 882
882 882 883
883 883 884
884 884 885
885 885 886
886 886 887
887 887 888
888 888 889
889 889 890
890 890 891
891 891 892
892 892 893
893 893 894
894 894 895
895 895 896
896 896 897
897 897 898
898 898 899
899 899 900
900 900 901
901 901 902
902 902 903
903 903 904
904 904 905
905 905 906
906 906 907
907 907 908
908 908 909
909 909 910
910 910 911
911 911 912
912 912 913
913 913 914
914 914 915
915 915 916
916 916 917
917 917 918
918 918 919
919 919 920
920 920 921
921 921 922
922 922 923
923 923 924
924 924 925
925 925 926
926 926 927
927 927 928
928 928 929
929 929 930
930 930 931
931 931 932
932 932 933
933 933 934
934 934 935
935 935 936
936 936 937
937 937 938
938 938 939
939 939 940
940 940 941
941 941 942
942 942 943
943 943 944
944 944 945
945 945 946
946 946 947
947 947 948
948 948 949
949 949 950
950 950 951
951 951 952
952 952 953
953 953 954
954 954 955
955 955 956
956 956 957
957 957 958
958 958 959
959 959 960
960 960 961
961 961 962
962 962 963
963 963 964
964 964 965
965 965 966
966 966 967
967 967 968
968 968 969
969 969 970
970 970 971
971 971 972
972 972 973
973 973 974
974 974 975
975 975 976
976 976 977
977 977 978
978 978 979
979 979 980
980 980 981
981 981 982
982 982 983
983 983 984
984 984 985
985 985 986
986 986 987
987 987 988
988 988 989
989 989 990
990 990 991
991 991 992
992 992 993
993 993 994
994 994 995
995 995 996
996 996 997
997 997 998
998 998 999
999 999 1000
1000 1000 1001
1001 1001 1002
1002 1002 1003
1003 1003 1004
1004 1004 1005
1005 1005 1006
1006 1006 1007
1007 1007 1008
1008 1008 1009
1009 1009 1010
1010 1010 1011
1011 1011 1012
1012 1012 1013
1013 1013 1014
1014 1014 1015
1015 1015 1016
1016 1016 1017
1017 1017 1018
1018 1018 1019
1019 1019 1020
1020 1020 1021
1021 1021 1022
1022 1022 1023
1023 1023 1024
1024 1024 1025
1025 1025 1026
1026 1026 1027
1027 1027 1028
1028 1028 1029
1029 1029 1030
1030 1030 1031
1031 1031 1032
1032 1032 1033
1033 1033 1034
1034 1034 1035
1035 1035 1036
1036 1036 1037
1037 1037 1038
1038 1038 1039
1039 1039 1040
1040 1040 1041
1041 1041 1042
1042 1042 1043
1043 1043 1044
1044 1044 1045
1045 1045 1046
1046 1046 1047
1047 1047 1048
1048 1048 1049
1049 1049 1050
1050 1050 1051
1051 1051 1052
1052 1052 1053
1053 1053 1054
1054 1054 1055
1055 1055 1056
1056 1056 1057
1057 1057 1058
1058 1058 1059
1059 1059 1060
1060 1060 1061
1061 1061 1062
1062 1062 1063
1063 1063 1064
1064 1064 1065
1065 1065 1066
1066 1066 1067
1067 1067 1068
1068 1068 1069
1069 1069 1070
1070 1070 1071
1071 1071 1072
1072 1072 1073
1073 1073 1074
1074 1074 1075
1075 1075 1076
1076 1076 1077
1077 1077 1078
1078 1078 1079
1079 1079 1080
1080 1080 1081
1081 1081 1082
1082 1082 1083
1083 1083 1084
1084 1084 1085
1085 1085 1086
1086 1086 1087
1087 1087 1088
1088 1088 1089
1089 1089 1090
1090 1090 1091
1091 1091 1092
1092 1092 1093
1093 1093 1094
1094 1094 1095
1095 1095 1096
1096 1096 1097
1097 1097 1098
1098 1098 1099
1099 1099 1100
1100 1100 1101
1101 1101 1102
1102 1102 1103
1103 1103 1104
1104 1104 1105
1105 1105 1106
1106 1106 1107
1107 1107 1108
1108 1108 1109
1109 1109 1110
1110 1110 1111
1111 1111 1112
1112 1112 1113
1113 1113 1114
1114 1114 1115
1115 1115 1116
1116 1116 1117
1117 1117 1118
1118 1118 1119
1119 1119 1120
1120 1120 1121
1121 1121 1122
1122 1122 1123
1123 1123 1124
1124 1124 1125
1125 1125 1126
1126 1126 1127
1127 1127 1128
1128 1128 1129
1129 1129 1130
1130 1130 1131
1131 1131 1132
1132 1132 1133
1133 1133 1134
1134 1134 1135
1135 1135 1136
1136 1136 1137
1137 1137 1138
1138 1138 1139
1139 1139 1140
1140 1140 1141
1141 1141 1142
1142 1142 1143
1143 1143 1144
1144 1144 1145
1145 1145 1146
1146 1146 1147
1147 1147 1148
1148 1148 1149
1149 1149 1150
1150 1150 1151
1151 1151 1152
1152 1152 1153
1153 1153 1154
1154 1154 1155
1155 1155 1156
1156 1156 1157
1157 1157 1158
1158 1158 1159
1159 1159 1160
1160 1160 1161
1161 1161 1162
1162 1162 1163
1163 1163 1164
1164 1164 1165
1165 1165 1166
1166 1166 1167
1167 1167 1168
1168 1168 1169
1169 1169 1170
1170 1170 1171
1171 1171 1172
1172 1172 1173
1173 1173 1174
1174 1174 1175
1175 1175 1176
1176 1176 1177
1177 1177 1178
1178 1178 1179
1179 1179 1180
1180 1180 1181
1181 1181 1182
1182 1182 1183
1183 1183 1184
1184 1184 1185
1185 1185 1186
1186 1186 1187
1187 1187 1188
1188 1188 1189
1189 1189 1190
1190 1190 1191
1191 1191 1192
1192 1192 1193
1193 1193 1194
1194 1194 1195
1195 1195 1196
1196 1196 1197
1197 1197 1198
1198 1198 1199
1199 1199 1200
1200 1200 1